0.06567274736060397
0.2626909894424158
0.09679153739649397
0.13741953268935678
0.2626909894424158
0.07160476144948855
0.2984745896009823
0.5491004867761125
0.7760114635728618
0.420886844306855
0.8091067115702212
0.23462350320528
0.2824099048856541
0.8574039191604413
0.8091067115702212
0.23263035362970588
0.15619699684601282
0.07432998184513635
0.7820963401693358
0.11830764107863238
0.7760114635728618
0.12874330508144843
0.1383578944465415
1.0
0.2013095485643692
0.5169731539571706
1.0
0.3498761149110956
1.0
0.1661742929957894
0.2620251007173263
0.0711586419732111
0.912167909070388
0.08737167851715878
0.7760114635728618
1.0
0.345720784641941
1.0
0.7760114635728618
0.5410822690539396
0.03772691894380681
0.912167909070388
1.0
0.5880627618336722
0.5946035575013605
0.2984745896009823
0.44632361378533286
0.392814650900513
0.5329462628216854
0.2644967217413845
0.08295193507109855
0.23217460403031903
0.35084396956386854
0.47750342648354643
0.1760870361361878
0.07966506956353646
0.7071067811865475
0.02407485903547034
0.2984745896009823
0.1431712315455507
0.37405485108988856
0.1598921499894403
0.23462350320528
0.4703490742954983
0.0741367008365338
0.8242367502646054
0.8574039191604413
0.10234459018728541
1.0
0.7259795291154771
0.26708679784499234
0.20969025558524573
0.05061867434834411
0.2231618068926664
0.16783660999022343
0.027611988917697356
0.317023313852343
0.15464260451973766
0.8574039191604413
0.4111336169005197
0.078594386815106
0.5156626918239822
0.13784336590962215
0.14535768424205484
0.23462350320528
0.17542198478193427
0.4111336169005197
0.10600313379512592
0.13292417883329388
0.0367352656298894
0.27948868865178783
0.17771669724375852
0.44632361378533286
1.0
0.7760114635728618
1.0
0.8242367502646054
0.8574039191604413
0.5169731539571706
0.45622720708659226
0.2155064730781546
0.8574039191604413
0.11868405219520975
0.08554426802455123
0.24808415001701817
0.5900468726392808
0.2490328638846773
0.525624059490303
0.44632361378533286
0.2984745896009823
0.5169731539571706
0.19605997334125028
0.14528679532351443
0.4216120484488187
0.13485078167116288
0.12759307794697136
0.033864985683445356
0.912167909070388
0.23462350320527994
0.015445276590783498
0.7760114635728618
1.0
0.14550212536891413
0.7820963401693358
0.06542540885608186
0.23196101068401995
1.0
0.26708679784499234
0.11208466750961142
0.11208466750961142
0.177655053068759
0.23462350320528
0.525624059490303
0.06916141792551132
0.7760114635728618
0.8091067115702212
0.8091067115702212
0.17395797375642236
0.912167909070388
0.2557665697125104
0.12858902882463452
0.10600313379512592
0.11868405219520975
0.020244462660665517
0.13485111859503685
0.7598356856515925
0.7760114635728618
0.17542198478193427
0.7598356856515925
0.17064197787316962
0.7598356856515925
0.4111336169005197
0.21042990347620458
0.17965205598154216
0.5329462628216854
0.7760114635728618
1.0
0.11868405219520975
1.0
0.09662504873924324
0.09287528999566796
0.44632361378533286
1.0
0.020244462660665517
0.47603522514067625
0.7760114635728618
1.0
0.7760114635728618
0.8091067115702212
0.2172185626567896
0.3203558799120807
0.7760114635728618
1.0
0.11868405219520975
0.7760114635728618
1.0
0.8371837576365552
0.7760114635728618
0.19640732545025652
0.7760114635728618
0.11868405219520975
0.912167909070388
0.1702602472176709
0.10600313379512592
0.177655053068759
1.0
0.03716499092256819
0.005918093729486186
0.8242367502646054
0.8574039191604413
0.2626909894424158
0.1279474029835104
0.07495553473355841
0.17976451428761386
0.02383853510228548
0.177655053068759
1.0
0.2626909894424158
0.1593301391270729
1.0
0.10735252131161191
0.355433394487517
0.28592291256793106
0.09578464408619825
0.2626909894424158
0.317023313852343
0.11884631831419348
0.07603985612048919
0.16102307266026747
0.22612164703205964
0.44632361378533286
0.04767707020457096
1.0
0.11339582221952
1.0
0.17965205598154216
1.0
0.2891784933232571
0.03964020044241
0.912167909070388
0.04023185929567686
0.018155431088372653
0.537284965911771
0.19338531381761725
0.9036020036098448
0.13949762415143757
0.27824623288353134
0.17965205598154216
0.7760114635728618
1.0
0.06143711383077495
0.7760114635728618
1.0
0.7760114635728618
0.15133218633429316
0.7760114635728618
0.12300686288463772
0.19304869754804482
0.42461633178803443
0.26269098944241576
1.0
0.317023313852343
0.392814650900513
0.15270725349716185
0.45622720708659226
0.355433394487517
0.5169731539571706
0.046611520323629425
0.19304869754804482
0.22894156860669912
0.4213952948452608
0.912167909070388
1.0
0.7760114635728618
0.44632361378533286
1.0
0.09578464408619825
0.23761018873960865
0.15415064977510756
0.09977283359412498
0.23229101174398836
0.016932492841722675
0.2984745896009823
0.8242367502646054
0.01683602693167689
0.4366835442847812
0.18207052811092128
0.0660902979597904
0.41801342884834874
0.1198091452856599
0.09442944296079735
0.05108099332943181
0.7820963401693358
0.12779458309114783
0.3026643726685863
0.7760114635728618
1.0
0.7760114635728618
1.0
1.0
0.06676784496926842
0.3816330911371337
1.0
1.0
0.7760114635728618
0.13044969897820202
0.7760114635728618
1.0
0.10600313379512592
0.3155984539112945
0.4617366309441026
0.6606328636027614
1.0
1.0
0.7760114635728618
1.0
0.420886844306855
0.8574039191604413
0.054011574454540336
0.09509189748920097
0.0734705312597788
0.44632361378533286
0.12300686288463772
0.8574039191604413
0.17395797375642236
0.09688464563433238
1.0
0.1937692912686648
0.23769263662838702
1.0
1.0
1.0
0.09652434877402245
0.2925171834129552
0.2984745896009823
0.7598356856515925
0.14458924666162856
0.10552670315936319
0.12223075560872526
0.5169731539571706
0.3989486553351905
0.345720784641941
0.08392229812593097
0.5462757644646491
0.15851165692617147
0.10700801516876488
0.43649904483690155
0.01683602693167689
0.8091067115702212
0.18798317647335086
0.04814971807094068
0.46713797772820004
0.026279617104084448
0.04540013809283727
0.21200626759025185
0.09578464408619825
0.024178089855902942
0.2509862124397896
0.044568827606990644
0.1834891231707335
0.09852859740626556
0.1297464032679993
0.08032276872815308
0.21200626759025185
0.23462350320528
0.2984745896009823
0.46199933699457096
0.2824099048856541
0.014199193612838947
0.355310106137518
0.13292417883329388
0.14458924666162856
0.1235622127262679
0.10600313379512592
0.3198048439256343
0.13784336590962215
0.6803749333171202
0.5873949094699213
0.08896962872669695
0.21386638885976572
0.1383578944465415
0.2925171834129552
0.317023313852343
0.7760114635728618
0.2705411345269698
0.04767707020457096
0.02383853510228548
0.13485111859503685
0.2891784933232572
0.11213336822390839
0.38058030016749456
0.8574039191604413
0.1673594937001884
0.08493098745313143
0.33180774028439425
1.0
0.21423488883339487
0.23769263662838702
0.6389431042462724
0.1777835117834348
0.09063023185560713
0.3766260962157022
0.19640732545025652
0.0844991782262014
1.0
0.10552670315936319
0.10552670315936319
0.08412054473847527
0.18505100105615155
0.06837203339116285
0.08412054473847527
0.057259987315337754
0.0726788421210274
0.10682175159905853
0.03527502360630138
0.19304869754804482
0.10738977135035864
0.035802380724744266
0.5133450480401704
0.44632361378533286
0.1777835117834348
0.09791289611338179
0.44632361378533286
0.08383924775392589
0.1431712315455507
0.44632361378533286
0.14458924666162856
0.14458924666162856
0.7820963401693358
1.0
0.8091067115702212
0.2626909894424158
0.2102369368326755
0.09578464408619825
0.35084396956386854
0.18168644632623684
0.7760114635728618
0.13134549472120793
0.10600313379512592
0.029381581998927445
0.3050975216056289
0.2670976496992393
0.23462350320528
0.3050975216056289
0.05861955497706755
0.05522397783539471
0.8574039191604413
0.054129891865452646
0.26584835766658776
0.8574039191604413
0.5410822690539396
0.912167909070388
0.3187271473320672
0.31356006812336346
0.7760114635728618
0.5169731539571706
0.21200626759025185
0.05809665204409193
0.08737167851715878
0.2521193618434983
0.3633728926524737
0.11447078430334955
0.7760114635728618
0.21386638885976572
0.027611988917697356
0.3050975216056289
0.4835447404743731
0.7013967267997694
0.07561318691530973
0.16784459625186196
0.02531146931107329
0.0646387590657644
0.020128303461390603
0.037477767366779206
0.07882750221706718
0.022882533035912193
0.6757997430846016
0.45033035241661884
0.17065326771827602
0.40855580969845084
0.13485111859503685
0.029381754016308166
0.38875142041440197
0.7760114635728618
0.07334599066596144
0.7820963401693358
0.2626909894424158
0.7760114635728618
0.17395797375642236
0.5329462628216854
0.2777619034011791
0.912167909070388
0.5410822690539396
0.3646285861936466
0.16515821590069035
0.345720784641941
0.201267033117133
0.04767707020457096
0.21609051104274463
0.11991831735796181
0.355310106137518
0.6080253214198359
0.10127993013562818
0.35084396956386854
0.06766165252145301
0.3237722713145643
0.3672056269893592
0.24601372576927535
0.37405485108988856
0.015061893230938676
0.1777835117834348
0.4026190971287384
0.15619699684601282
0.24388705525768425
0.08125165710854508
0.24808415001701817
0.020980574531482755
0.5169731539571706
0.44632361378533286
0.6434588841607617
0.392814650900513
0.2891784933232571
0.07432998184513635
0.5169731539571706
0.2891784933232571
0.020980574531482755
0.5298765308495281
0.02383853510228548
0.2240750868020436
0.21200626759025185
0.19338531381761725
0.014199193612838947
1.0
0.30457527453468203
0.31356006812336346
0.10489671869455933
1.0
0.355433394487517
0.19640732545025652
0.07495553473355841
0.35084396956386854
0.3433629176453739
0.11479267900149548
0.3448444257953326
0.39938791763778786
0.07257024107490348
0.08090277368253802
0.16451929399933107
1.0
0.392814650900513
0.2626909894424158
0.35084396956386854
0.1598921499894403
0.21200626759025185
0.18226810900726556
0.21200626759025185
0.21200626759025185
0.11208466750961142
0.19338531381761725
0.010738456044579523
0.007222904990885428
0.5169731539571706
0.1651116138719648
0.24177037175577334
0.07495553473355841
0.27824623288353134
0.5201870634468553
0.17747405280050269
0.392814650900513
0.16451929399933107
0.2984745896009823
0.02664321121388894
0.02383853510228548
0.2513293635022765
0.3564026463354183
0.4111336169005197
0.020244462660665517
0.21200626759025185
0.345720784641941
0.03057230827292727
0.06074588070876682
0.21386638885976572
0.5329462628216854
0.4111336169005197
0.355310106137518
0.07882750221706718
0.13485111859503685
0.1203921753741131
0.1676784955078518
0.08606119900909884
0.16330693525223242
1.0
0.14216645907653844
0.2984745896009823
0.2626909894424158
0.21200626759025185
0.16830386789031854
0.029083177105737566
0.35084396956386854
0.21200626759025185
0.2984745896009823
0.2891784933232571
0.19561803044642365
0.2984745896009823
0.08500539049202117
0.8574039191604413
0.2144409712401767
0.3816330911371337
0.1760870361361878
0.2626909894424158
0.23462350320528
0.32035587991208064
0.23462350320528
0.16996005791513966
0.392814650900513
0.345720784641941
0.5169731539571706
0.09287528999566796
0.3549481056010052
0.23462350320528
0.057259987315337754
0.13784336590962215
0.38753858253732953
0.2891784933232571
0.17542198478193427
0.15619699684601282
0.15619699684601282
0.2626909894424158
0.051366639095059514
0.41801342884834874
0.09717028343213059
0.09072069007511598
0.35084396956386854
0.09287528999566796
0.23462350320527994
0.2512421854739509
0.02383853510228548
0.04767707020457096
0.09287528999566796
0.43989172475842214
0.11868405219520975
0.7102992180127422
0.13485111859503685
0.12164634345707655
0.39938791763778786
0.12571192676522522
0.4288819424803534
0.44632361378533286
0.026398002900658198
0.0156963464356626
0.18951629567590744
0.10489671869455933
0.03283637368030199
0.11868405219520975
0.10600313379512592
0.27812698504759853
0.16133948681475338
0.4294494810927983
0.3026643726685863
0.10600313379512592
0.3050975216056289
0.15133218633429316
0.19640732545025652
0.10600313379512592
0.09578464408619825
0.13292417883329388
0.09614956805006118
0.10704546329879021
0.3155984539112945
0.3573880113629119
0.22997519112894443
0.2521193618434983
0.25950561931628224
0.3573880113629119
0.09287528999566796
0.2150707001701407
0.09519340818348475
0.2984745896009823
0.3290385879986622
0.44632361378533286
0.1472821272412462
0.33180774028439425
0.21200626759025185
0.3672056269893592
0.23462350320528
0.16515821590069035
0.5873949094699213
0.19493995755254476
0.10552670315936319
0.16451929399933107
0.5873949094699213
0.45622720708659226
0.2678284959130086
0.17694975149532557
0.18575057999133598
0.15851165692617147
0.48633831680799433
0.345720784641941
0.317023313852343
1.0
0.5156626918239822
0.11823706105869772
0.20505259405001922
0.21200626759025185
0.25476965408249014
0.5008718428920987
0.5331675363405771
0.41374412020518814
0.317023313852343
0.08737167851715878
0.10600313379512592
0.46924700641055994
0.057259987315337754
0.2626909894424158
0.2186976686325118
0.317023313852343
0.26584835766658776
0.8633400213704505
0.10552670315936319
0.21142141714303078
0.19640732545025652
0.45622720708659226
0.2984745896009823
0.2984745896009823
0.10332660497667492
0.2626909894424158
0.2013095485643692
0.5410822690539396
0.1497598550050754
0.08032276872815308
0.17542198478193427
0.3564026463354183
0.12223075560872526
0.2626909894424158
0.45622720708659226
0.3564026463354183
0.018738883683389617
0.14991106946711685
0.11355085821332205
0.392814650900513
0.45622720708659226
0.23196101068401995
0.46713797772820004
0.345720784641941
0.23761018873960865
0.10600313379512592
0.44632361378533286
0.0622561686654695
0.2777619034011791
0.26084743001221455
0.07611541650494039
0.08737167851715878
0.317023313852343
0.5169731539571706
0.3050975216056289
0.0859076483566362
0.11447078430334955
0.46713797772820004
0.317023313852343
0.2584865769785853
0.10552670315936319
0.2626909894424158
0.11868405219520975
0.037477767366779206
0.4617366309441026
0.12067008283523631
0.08737167851715878
0.04018457465973429
0.5169731539571706
0.21200626759025185
0.23899976771375064
0.21200626759025185
0.054129891865452646
0.392814650900513
0.525624059490303
0.345720784641941
0.06468490584192432
0.07432998184513635
0.6803749333171202
0.10552670315936319
0.21200626759025185
0.33649324423301513
0.4703709593866897
0.1933662852715576
0.1744739429575305
0.06917184228205475
0.24808415001701817
0.1171291646655074
0.45622720708659226
0.14411786453067818
0.08412054473847527
0.2925171834129552
0.5781396287180781
0.10600313379512592
0.0241596535992123
0.06285596338261261
0.10798033448421628
0.020244462660665517
0.12600736402830257
0.1996939588188939
0.027611988917697356
0.1354599427337814
0.06344849033136085
0.09442944296079735
0.020244462660665517
0.14458924666162856
0.23462350320528
0.08032276872815308
0.20969025558524573
0.09662504873924324
0.2730664777474173
0.2044800736021839
0.16234136350505612
0.06837203339116285
1.0
0.21972813874997157
0.20504572236241866
0.19338531381761725
0.805312203079627
0.41722614486115056
0.2646015952359329
0.5706745777055999
0.4216120484488187
0.02383853510228548
0.44632361378533286
0.06837203339116285
0.39553325358771796
1.0
0.317023313852343
0.912167909070388
0.37991784282579627
0.23462350320528
0.015445276590783498
0.09952907986722619
0.20024850746991507
0.2626909894424158
0.345720784641941
0.03772691894380681
0.07791497608591347
0.4617366309441026
0.26269098944241576
0.18360281349467963
0.17542198478193427
0.11457509197294043
1.0
0.038996373622972556
0.2626909894424158
0.3549481056010052
0.7016879391277371
0.16017793995604032
0.38058030016749456
0.42610827239170174
0.07491281958423808
0.11868405219520975
0.4216120484488187
0.07611541650494039
0.17202572313558198
0.08961672320242714
0.15851165692617147
0.2231618068926664
0.3237722713145643
0.30895757752065417
0.5706745777055999
0.3636227046500071
0.014199193612838947
0.021476912089159066
0.027757915716335905
0.0844991782262014
0.1092329990819115
0.2626909894424158
0.07933493800053908
0.3672056269893592
0.1860045401920258
0.10738977135035864
0.37200908038405156
0.08913765521398126
0.09287528999566796
0.5329462628216854
0.11868405219520975
0.35084396956386854
0.3281829856080946
0.07495553473355841
0.14258769764520748
0.44632361378533286
0.3549481056010052
0.06766165252145301
0.1777835117834348
0.09287528999566796
0.317023313852343
0.016074772865287294
0.018738883683389617
0.392814650900513
0.11868405219520975
0.06837203339116285
0.184483733502461
0.17203390873009322
0.09578464408619825
0.05816635421147516
0.3216094349518416
0.3050975216056289
0.07687847996206941
0.6434588841607617
0.35084396956386854
0.21142141714303078
0.02383853510228548
0.02383853510228548
0.3050975216056289
0.4111336169005197
0.254331431291972
0.19640732545025652
0.13292417883329388
0.2984745896009823
0.276715788893083
0.024615130620079664
0.26584835766658776
0.03283637368030199
0.05428210647032972
0.0734705312597788
0.09578464408619825
0.08411033016704215
0.35084396956386854
0.7102992180127422
0.18207052811092136
0.10735252131161191
0.1630971037128253
0.06195408628269127
0.11339582221952
0.345720784641941
0.35084396956386854
0.5873949094699213
0.3198048439256343
0.26708679784499234
0.23462350320528
0.23462350320528
0.02378850384826639
0.35084396956386854
0.26584835766658776
0.0208362582256928
0.17694975149532557
0.12673718536830808
0.24601372576927535
0.2984745896009823
1.0
0.07986788803078405
0.2295748846661433
0.1702602472176709
0.26584835766658776
0.392814650900513
0.0688037070798893
0.14258769764520748
0.3237722713145643
0.21200626759025185
0.23217460403031903
0.6596924585662963
0.44632361378533286
0.5303624596095554
0.13485111859503685
0.44632361378533286
0.4317280873295659
0.19338531381761725
0.06328773820616561
0.08295193507109855
0.21200626759025185
0.1786940056814559
0.5169731539571706
0.44632361378533286
0.07270717733704592
0.21200626759025185
0.23217460403031903
0.317023313852343
0.022473460321102867
0.10798033448421628
0.07768562846380175
0.09980099403873663
0.24808415001701817
0.32260135189272865
0.2626909894424158
0.22894156860669912
0.16959011078459055
0.21200626759025185
0.2984745896009823
0.24601372576927535
0.2240750868020436
0.2626909894424158
0.21200626759025185
0.0688037070798893
0.12100518276540287
0.11803467016908868
0.0688037070798893
0.33180774028439425
0.21200626759025185
0.13950796967929133
0.392814650900513
0.3050975216056289
0.1777835117834348
0.12223075560872526
0.2626909894424158
0.23769263662838702
0.392814650900513
0.392814650900513
0.2984745896009823
0.5706745777055999
0.13485111859503685
0.6004287712485592
0.392814650900513
0.21200626759025185
0.23769263662838702
0.018738883683389617
0.3564026463354183
0.345720784641941
0.11390778025531022
0.09977283359412498
0.2732231510487644
0.13784336590962215
0.07495553473355841
0.1777835117834348
0.19338531381761725
0.09287528999566796
0.14991106946711685
0.11868405219520975
1.0
0.5781396287180781
0.10704546329879021
0.10552670315936319
0.35084396956386854
0.23901088824528133
0.21200626759025185
0.2502959502557595
0.09287528999566796
0.45622720708659226
0.21200626759025185
0.5593684915933074
0.06398674618365158
0.2891784933232571
0.44632361378533286
0.28617394805234075
0.19635075643117936
0.014199193612838947
0.7013967267997694
0.2891784933232571
0.336607735780637
0.02286956778061902
0.392814650900513
0.23588448106534202
0.41722614486115056
0.5169731539571706
0.23899976771375064
0.26924761780320416
0.6803749333171202
0.2984745896009823
0.01080894324815623
0.23901088824528133
0.23901088824528133
0.12164634345707655
0.4111336169005197
0.20969025558524573
0.3766260962157022
0.23769263662838702
0.11408424519986968
0.46713797772820004
0.5156626918239822
0.08032276872815308
0.17542198478193427
0.25476965408249014
0.5766735394403276
0.44632361378533286
0.3303164318013807
0.09287528999566796
0.3026643726685863
0.4703709593866897
0.31535540524901323
0.15228763726734104
0.4617366309441026
0.23462350320528
0.06837203339116285
0.4216120484488187
0.2626909894424158
0.06917184228205475
0.27901593935858265
0.6803749333171202
0.26986439031772713
0.345720784641941
0.37405485108988856
0.02407485903547034
0.30130404892785684
0.317023313852343
0.09519340818348475
0.345720784641941
0.23462350320528
0.09469167282754097
0.02383853510228548
0.101471040084519
0.05816635421147513
0.020244462660665517
0.7760114635728618
0.7916963878457504
0.020244462660665517
1.0
0.2521193618434983
0.07561318691530973
0.537284965911771
0.25748661016289676
0.09287528999566796
0.017060130096854434
0.03741943603457605
0.0367352656298894
0.41211837513230265
0.21200626759025185
0.1354599427337814
0.345720784641941
0.32035587991208064
0.07955629933118923
0.06917184228205472
0.392814650900513
0.6389431042462724
0.2560797001652275
0.06837203339116285
0.23462350320528
0.09425159511373678
0.39938791763778786
1.0
0.11447078430334955
0.16590387014219712
0.12300686288463772
0.02383853510228548
0.38058030016749456
0.34823528327578535
0.2777619034011791
0.21972813874997157
0.26708679784499234
0.46548383647045716
0.019146030690102508
0.09578464408619825
0.8091067115702212
0.2626909894424158
1.0
0.345720784641941
0.41722614486115056
0.018897852222361986
0.24794277351227217
0.020244462660665517
0.22416933501922287
0.21386638885976572
3.817663819004394E-5
0.04494692064220571
0.26970156334232565
0.5169731539571706
0.4617366309441026
0.5270837136273565
0.3498761149110956
0.2502959502557595
0.4111336169005197
0.018897852222361986
0.26529518334824453
0.5231223689135341
1.0
0.31455601883230705
0.013139808552042212
0.2626909894424158
0.28646290158800986
0.06766165252145301
0.11868405219520975
0.2984745896009823
0.5873949094699213
0.44632361378533286
0.345720784641941
0.020980574531482755
0.4835447404743731
0.1703557740895282
0.7013967267997694
0.35084396956386854
0.07559140888944793
0.08295193507109855
0.13784336590962215
0.1777835117834348
0.2984745896009823
0.2590647110307136
0.5169731539571706
0.04767707020457096
0.21401603033752975
0.08295193507109855
0.7102992180127422
0.09287528999566796
0.26708679784499234
0.5169731539571706
0.14458924666162856
0.13485111859503685
0.09662504873924324
0.07432998184513635
0.13485111859503685
0.23899976771375064
0.09662504873924324
0.10307386760781874
0.35084396956386854
0.09578464408619825
0.6703420896351792
0.5706745777055999
0.44632361378533286
0.3002490876098761
0.08209664081048344
0.5169731539571706
0.2626909894424158
0.2626909894424158
0.024615130620079664
0.14411786453067818
0.2626909894424158
0.5031747626530138
0.345720784641941
1.0
0.016087046643979717
0.08737167851715878
0.345720784641941
0.23462350320528
0.016932492841722675
0.14416787170305084
0.2626909894424158
1.0
0.2984745896009823
0.09030367376343264
0.09030367376343264
0.15619699684601282
0.016932492841722675
0.4232618196604538
0.3498761149110956
0.16943571815930883
0.23196101068401995
0.46548383647045716
0.355433394487517
0.009690650671856618
0.345720784641941
0.2928298013714697
0.5591430457928661
0.14308697402617038
0.15678003406168173
0.337019838632122
0.1586360939345259
0.7016879391277371
0.12067008283523631
0.08295193507109855
0.13912311644176567
0.39803049244579564
0.35084396956386854
0.23769263662838702
0.33180774028439425
0.7760114635728618
0.3672056269893592
0.15851165692617147
0.10798033448421628
0.04540013809283727
0.12223075560872526
1.0
0.21200626759025185
1.0
0.5873949094699213
0.41643730821613023
0.21200626759025185
0.4111336169005197
0.6703420896351792
0.052096969065434415
0.041961149062965476
0.2626909894424158
0.2626909894424158
0.19338531381761725
0.08541226358487464
0.11208466750961142
0.2984745896009823
0.2626909894424158
0.2626909894424158
0.161692143534558
0.36409302398068727
0.06608973813188644
0.2891784933232571
0.20684088400488973
0.37405485108988856
0.08913765521398126
0.06495958253289974
0.4877741105153685
0.11868405219520975
0.26708679784499234
0.16451929399933107
0.05417921591708778
0.23761018873960865
0.4001601601922499
0.8091067115702212
0.09578464408619825
0.2626909894424158
0.12549310621989482
0.0560982726451955
0.024367494694068095
0.10600313379512592
0.1777835117834348
0.0622561686654695
0.1760870361361878
0.08493098745313143
0.2090067144241744
0.12859818292229827
0.11223910575107081
0.2134144322916053
0.018543295278285157
0.06837203339116285
0.27007097700389543
0.41722614486115056
0.09578464408619825
0.254331431291972
0.5760844201603896
0.5169731539571706
0.09442944296079735
0.018738883683389617
0.06468490584192432
0.44632361378533286
0.02383853510228548
0.09578464408619825
0.1777835117834348
0.10786826322527471
0.33932513407933634
0.37239098949398236
0.8091067115702212
0.0741367008365338
0.4744325794453768
0.3633728926524737
0.23462350320528
0.8091067115702212
0.38753858253732953
0.3050975216056289
0.021906016114066472
0.021906016114066472
0.016074772865287294
0.01763751180315069
0.317023313852343
0.14535768424205484
0.03882110458693121
0.1092329990819115
0.1786940056814559
0.44632361378533286
0.17542198478193427
0.13912311644176567
0.8091067115702212
0.10600313379512592
0.22741221234802106
0.3564026463354183
0.05439330544349821
0.3050975216056289
0.10552670315936319
0.1598921499894403
0.12067008283523631
0.11447078430334955
0.21142141714303078
0.03574694956748285
0.0844991782262014
0.23462350320528
0.10600313379512592
0.020980574531482755
0.41266825715677186
1.0
0.20958712452883563
0.8091067115702212
0.2626909894424158
0.392814650900513
1.0
0.5410822690539396
0.16451929399933107
0.8574039191604413
0.10738977135035864
0.09578464408619825
0.19640732545025652
0.07495553473355841
0.1395873430390535
1.0
0.026172496070245056
0.7598356856515925
1.0
0.345720784641941
0.08295193507109855
0.6004287712485592
0.2231618068926664
0.1702602472176709
0.08812612679876433
1.0
0.10735252131161191
0.07658412276041004
0.7760114635728618
1.0
0.7760114635728618
0.022473460321102867
0.19338531381761725
0.2984745896009823
0.09287528999566796
0.317023313852343
0.024455939372403628
1.0
0.17125081678676496
0.11457509197294043
0.28617394805234075
1.0
0.7760114635728618
0.260899397956404
1.0
0.23462350320528
0.2666354429712649
0.20969025558524573
0.09287528999566796
0.3050975216056289
0.09442944296079735
0.10786826322527471
0.7760114635728618
0.8091067115702212
0.32035587991208064
0.2984745896009823
0.23462350320528
0.31356006812336346
0.7760114635728618
1.0
0.24808415001701817
0.057737720665823
0.44632361378533286
0.3672056269893592
0.7760114635728618
1.0
0.7760114635728618
0.28592291256793106
0.09519340818348475
0.013139808552042212
0.33180774028439425
0.317023313852343
0.7760114635728618
1.0
0.7760114635728618
0.09578464408619825
0.912167909070388
0.8242367502646054
1.0
1.0
0.8242367502646054
0.8574039191604413
0.054129891865452646
0.11868405219520975
1.0
0.35065941041239285
0.8574039191604413
0.016932492841722675
0.7820963401693358
0.09287528999566796
0.355433394487517
0.06837203339116285
0.10600313379512592
