0.03283637368030199
0.09535414040914189
0.13741272855400088
0.08116697886877475
0.7598356856515925
0.14535768424205484
0.488923022434901
0.3004843884984905
0.05693025330278466
0.04372912656590315
0.06916271812933183
0.06567274736060397
0.029859662827819124
0.08116697886877475
0.4347208719449915
0.029079340872079116
0.03550932348642478
0.488923022434901
0.11044795567078944
0.5410822690539396
0.24446151121745052
0.8408964152537145
0.5410822690539396
0.24446151121745052
0.08310415003234632
0.8408964152537145
0.16233395773754944
0.13950796967929133
0.488923022434901
0.12347293198886944
0.05693025330278466
0.8633400213704505
0.5444460596606694
0.24446151121745052
0.21191828141393898
0.8408964152537145
0.06567274736060397
0.08745825313180632
0.7259795291154771
0.11339582221952
0.11737849637633067
0.6803749333171202
0.18995892141289814
0.09652434877402245
0.8408964152537145
0.24446151121745052
0.23643540225079396
0.10682175159905853
0.09287528999566796
0.05341087579952926
0.06742555929751845
0.26269098944241576
0.09688464563433238
0.07129384882260374
0.14058533129758727
0.12223075560872526
0.07986788803078405
0.14535768424205484
0.24446151121745052
0.17965205598154216
0.07492442692259767
0.24446151121745052
0.8408964152537145
0.08224879649232908
0.4111336169005197
0.037477767366779206
0.2557539057896621
0.07809849842300641
0.2722230298303347
0.04844232281716619
0.028465126651392333
0.041961149062965476
0.17747405280050269
0.020980574531482755
0.2584865769785853
0.7598356856515925
0.17965205598154216
0.049900497019368314
0.5946035575013605
0.010783469846969963
0.04767707020457096
0.05522397783539471
0.041961149062965476
0.027611988917697356
0.13134549472120793
0.2891784933232571
0.8408964152537145
0.06567274736060397
0.05815868174415823
0.041961149062965476
0.13134549472120793
0.19070828081828378
0.05341087579952926
0.04767707020457096
0.027611988917697356
0.03283637368030199
0.2584865769785853
0.08745825313180632
0.20556680845025987
0.05341087579952926
0.08116697886877475
0.32466791547509893
0.11044795567078944
0.7598356856515925
0.11044795567078944
0.16449759298465816
0.4111336169005197
0.05341087579952926
0.05862502026550899
0.8408964152537145
0.13943458243384402
0.10786826322527471
0.31020161970069987
0.05815868174415823
0.04767707020457096
0.10682175159905853
0.32466791547509893
0.537284965911771
0.5169731539571706
0.12440234748126781
0.20556680845025987
0.34572078464194106
0.06742555929751845
0.8408964152537145
0.240785655451027
0.01509869171115925
0.07545383788761362
0.05693025330278466
0.20556680845025987
0.06567274736060397
0.08116697886877475
0.3655552228545123
0.08116697886877475
0.06567274736060397
0.17491650626361266
0.04935157841536379
0.03283637368030199
0.056697911109760024
0.03283637368030199
0.03283637368030199
0.034353182138500235
0.46713797772820004
0.03089055318156698
0.4347208719449915
0.027611988917697356
0.04027248192421852
0.07129384882260374
0.027611988917697356
0.016074772865287294
0.2136435031981171
0.06567274736060397
0.8408964152537145
0.5946035575013605
0.10682175159905853
0.07160476144948855
0.20164945583740668
0.03283637368030199
0.05862502026550899
0.1597357760615681
0.042343488066592626
0.08116697886877475
0.08647154598524984
0.04844232281716619
0.03283637368030199
0.3976353643835253
0.04372912656590315
0.09535414040914189
0.6803749333171202
0.10600313379512592
0.08310415003234632
0.035802380724744266
0.04767707020457096
0.1584873897212071
0.21874242445215208
0.12872632311973017
0.32555630133216146
0.24446151121745052
0.03772691894380681
0.08310415003234632
0.37991784282579627
0.03283637368030199
0.037477767366779206
0.8408964152537145
0.06567274736060397
0.4347208719449915
0.04844232281716619
0.06770186228657868
0.6803749333171202
0.19357693493908812
0.17965205598154216
0.8408964152537145
0.027611988917697356
0.05341087579952926
0.05341087579952926
0.08745825313180632
0.10682175159905853
0.05341087579952926
0.06916271812933183
0.05341087579952926
0.16233395773754944
1.0
0.44632361378533286
0.040583489434387374
0.06567274736060397
0.034353182138500235
0.04372912656590315
0.05341087579952926
0.07809849842300641
0.09535414040914189
0.039297526283216276
0.12223075560872526
0.10682175159905853
0.06567274736060397
0.1584873897212071
0.018738883683389617
0.06567274736060397
0.07809849842300641
0.2259005009024612
0.10682175159905853
0.06567274736060397
0.32466791547509893
0.07160476144948855
0.027611988917697356
0.29558013016570783
0.06567274736060397
0.5946035575013605
0.07986788803078405
0.23356898886410005
0.06870636427700047
0.04844232281716619
0.05341087579952926
0.2984745896009823
0.16233395773754944
0.13976396370981378
0.16233395773754944
0.06567274736060397
0.05954672553679791
0.22089591134157885
0.05693025330278466
0.027611988917697356
0.6606328636027614
0.07986788803078405
0.10682175159905853
0.03983253478176823
0.16233395773754944
0.3021375397356768
0.16784459625186196
0.05815868174415823
0.23643540225079396
0.18995892141289814
0.09535414040914189
0.5410822690539396
0.32466791547509893
0.8408964152537145
0.02383853510228548
0.02931251013275449
0.034353182138500235
0.14535768424205484
0.06220117374063391
0.16669006580554238
0.08170609724417775
0.057079690340587526
0.1270331870386537
0.07495553473355841
0.5410822690539396
0.10682175159905853
0.027611988917697356
0.05522397783539471
0.15619699684601282
0.8408964152537145
0.24446151121745052
0.040583489434387374
0.026279617104084448
0.040583489434387374
0.08116697886877475
0.19505632433269743
0.08116697886877475
0.07986788803078405
0.08562365224473284
0.18094495256969623
0.06567274736060397
0.2777619034011791
0.10682175159905853
0.1597357760615681
0.02383853510228548
0.06567274736060397
0.08116697886877475
0.22772101321113852
0.37991784282579627
0.8408964152537145
0.2295748846661433
0.2259005009024612
0.5133450480401704
0.23356898886410005
0.07986788803078405
0.03283637368030199
0.07809849842300641
0.044568827606990644
0.06567274736060397
0.03772691894380681
0.8408964152537145
0.12600736402830257
0.056697911109760024
0.12600736402830257
0.5410822690539396
0.8408964152537145
0.03983253478176823
0.040583489434387374
0.8408964152537145
0.11044795567078944
0.7598356856515925
0.07809849842300641
0.10682175159905853
0.04767707020457096
0.06567274736060397
0.027611988917697356
0.0367352656298894
0.5410822690539396
0.6434588841607617
0.8408964152537145
0.2705411345269698
0.13134549472120793
0.5410822690539396
0.12600736402830257
0.01763751180315069
0.16515821590069035
0.037477767366779206
0.029859662827819124
0.027611988917697356
0.02399905349559606
0.5721248424548514
0.24446151121745052
0.04844232281716619
0.09688464563433238
0.06770186228657868
0.05522397783539471
0.03283637368030199
0.1270331870386537
0.3432945239845197
0.029381754016308166
0.18995892141289814
0.14535768424205484
0.8408964152537145
0.6104735835807844
0.6434588841607617
0.08392229812593097
0.08170609724417775
0.06567274736060397
0.07986788803078405
0.04767707020457096
0.31947155212313627
0.3021375397356768
0.027611988917697356
0.23643540225079396
0.5410822690539396
0.041961149062965476
0.17747405280050269
0.04844232281716619
0.020980574531482755
0.1270331870386537
0.056697911109760024
0.10682175159905853
0.020980574531482755
0.18370727471078335
0.018738883683389617
0.043008477182523305
0.06772997136689071
0.040583489434387374
0.07160476144948855
0.07809849842300641
0.8408964152537145
0.17491650626361266
0.08116697886877475
0.027611988917697356
0.03283637368030199
0.03772691894380681
0.13134549472120793
0.041961149062965476
0.05816635421147513
0.20556680845025987
0.8408964152537145
0.06567274736060397
0.037477767366779206
0.09652434877402245
0.07545383788761362
0.03283637368030199
0.11044795567078944
0.06567274736060397
0.24446151121745052
0.02383853510228548
0.06274655310994741
0.09980099403873663
0.8633400213704505
0.049900497019368314
0.05341087579952926
0.15685718045401453
0.024675789207681903
0.037477767366779206
0.05522397783539469
0.8408964152537145
0.21191828141393898
0.03283637368030199
0.03283637368030199
0.11498759556447223
0.21105340631872635
0.5169731539571706
0.05522397783539471
0.0260859600387516
0.08116697886877475
0.2665429557589629
0.03283637368030199
0.03416211359799979
0.035802380724744266
0.42383656282787796
0.24446151121745052
0.10552670315936319
0.04515183688171632
0.15619699684601282
0.10552670315936319
0.057079690340587526
0.6340466277046861
0.16590387014219712
0.020980574531482755
0.09688464563433238
0.8408964152537145
0.1270331870386537
0.10175282441454785
0.092875289995668
0.05862502026550899
0.049900497019368314
0.040583489434387374
0.10682175159905853
0.09652434877402245
0.19640732545025652
0.08116697886877475
0.7071067811865475
0.07492442692259767
0.1199014838091355
0.21874242445215208
0.35084396956386854
0.07495553473355841
0.029079340872079116
0.09688464563433238
0.03283637368030199
0.06870636427700047
0.5946035575013605
0.11339582221952
0.16233395773754944
0.027611988917697356
0.21200626759025185
0.037477767366779206
0.08515289178380434
0.19640732545025652
0.05522397783539471
0.8408964152537145
0.027611988917697356
0.32466791547509893
0.024675789207681903
0.16233395773754944
0.06567274736060397
0.16233395773754944
0.4111336169005197
0.38498150077635496
0.8668778997501817
0.4548019047027907
0.08170609724417775
0.035802380724744266
0.06870636427700047
0.16233395773754944
0.345720784641941
0.8408964152537145
0.26269098944241576
0.03283637368030199
0.05693025330278466
0.24446151121745052
0.13134549472120793
0.07986788803078405
0.16233395773754944
0.06567274736060397
0.027611988917697356
0.3670124608961283
0.6434588841607617
0.6434588841607617
0.03283637368030199
0.4548019047027907
0.03283637368030199
0.5789300674674098
0.09652434877402245
0.5169731539571706
0.8408964152537145
0.12629099764064142
0.5115078115793242
0.08116697886877475
0.040583489434387374
0.3021375397356768
0.5169731539571706
0.08116697886877475
0.5946035575013605
0.41917424905767126
0.4548019047027907
0.4347208719449915
0.4347208719449915
0.16233395773754944
0.24446151121745052
0.537284965911771
