0.033864985683445356
0.02637407736896916
0.029079340872079116
0.028398387225677897
0.011514383434815713
0.05693025330278466
0.015445276590783498
0.017539413943549187
0.006282878523720715
0.06274655310994741
0.016932492841722675
0.04767707020457096
0.016074772865287294
0.020540268312306348
0.02931251013275449
0.04767707020457096
0.037477767366779206
0.0114347838903095
0.028856494253219536
0.05815868174415823
0.021671320168371845
0.013139808552042212
1.0
0.004239512844961584
1.0
0.037477767366779206
0.0114347838903095
0.03527502360630138
0.013878192778615909
0.09322010067106226
0.09688464563433238
0.05341087579952926
0.0042069762863331285
0.006144240547775462
0.024675789207681903
0.014265919394432253
0.010157883052674562
1.0
0.044808361601213584
0.02852546657345652
0.03217409328795944
0.03089055318156698
0.02276859592073037
0.040583489434387374
0.05522397783539471
0.017911710595643587
0.011246923682765546
0.02133165846478451
0.030098043843528283
0.040583489434387374
0.037477767366779206
0.028398387225677897
0.033582360261774316
0.005749785925016121
0.015880117714047366
0.0167942568474855
0.013139808552042212
1.0
0.027611988917697356
0.013139808552042212
0.016466642419110007
0.03149696072246703
0.030098043843528283
0.029109678177138984
0.017272237992167865
0.035802380724744266
0.037477767366779206
0.001459383946013153
0.013139808552042212
0.0167475178542289
0.017060130096854434
0.03635358866852297
0.05522397783539471
0.029381754016308166
0.12034130950069914
0.027196652721749117
0.0028418304454033354
0.010738456044579523
0.015445276590783498
0.01222796968620182
0.02809981770251131
1.0
0.020943469770777077
0.012123671946965517
0.06567274736060397
0.04829868655603384
1.0
0.02399905349559606
1.0
0.024455939372403628
0.005187675405524317
0.027196652721749117
0.015732934811145335
0.016466642419110007
0.012867130959609159
0.018709718017288025
0.026279617104084448
0.007866467405572666
0.04278179264606696
1.0
0.02286956778061902
0.04027248192421852
0.02383853510228548
0.014445809981770858
0.11156508007421491
0.019648763141608138
0.02407485903547034
0.0062588077991537865
0.006311119702850955
0.01650404559570943
0.033864985683445356
0.017081056798999895
0.020244462660665517
0.033864985683445356
0.05341087579952926
0.03152341315267391
0.029083177105737566
0.028465126651392333
0.021476912089159066
0.0367352656298894
0.012414943415352932
0.00863611899608393
0.002895550264181247
0.021476912089159066
0.028398387225677897
0.004137511999313648
0.02462337367222181
0.04799810699119213
0.03089055318156698
0.02735488212061132
1.0
0.027611988917697356
0.07809849842300641
0.0032479187022371133
0.014199193612838947
0.020980574531482755
0.049900497019368314
0.037477767366779206
0.040583489434387374
1.0
1.0
0.026279617104084448
0.009077715544186328
0.03283637368030199
0.07986788803078405
0.02383853510228548
0.027321116481247687
0.041961149062965476
1.0
0.005126655801558406
0.028465126651392333
0.0379680177759557
0.014945407105672609
0.018738883683389617
0.031021609279760068
0.023287349035853486
0.46924700641055994
0.028398387225677897
0.10594272545163826
0.028398387225677897
0.043008477182523305
0.002964656895382989
0.007869270985473822
0.08116697886877475
0.016932492841722675
0.033864985683445356
0.022473460321102867
0.07809849842300641
0.06770186228657868
0.026279617104084448
0.010157883052674562
0.09535414040914189
0.05114598707088891
0.03089055318156698
0.04767707020457096
0.01367744106030566
0.00882875838860343
0.02383853510228548
0.01219258491591221
0.015445276590783498
0.02407485903547034
0.028289458031628013
0.018738883683389617
0.037954847898457066
0.01811080099375393
0.0114347838903095
0.05522397783539469
0.033864985683445356
0.014199193612838947
0.01837608906543755
0.015694957190569986
0.06191082705295717
0.040583489434387374
0.024367494694068095
6.366216508828268E-6
0.10175282441454785
0.017820934647025707
0.020980574531482755
0.009080424707719657
0.01222796968620182
0.05693025330278466
0.014913823484977221
0.037052472057637634
0.016466642419110007
0.06274655310994741
0.016932492841722675
0.08116697886877475
0.03157256456545526
0.10682175159905853
0.04767707020457096
0.040583489434387374
0.03283637368030199
0.11598118436136108
0.035802380724744266
0.031021609279760068
0.010157883052674562
0.031247197904994937
0.015445276590783498
0.024893534183931972
0.023028766869631404
0.021590567826234357
0.033864985683445356
0.013139808552042212
0.004985938711569524
0.024455939372403628
0.039297526283216276
7.341366154150284E-9
0.005437122993503428
0.004823602475992777
0.033864985683445356
0.04266331692956902
0.028398387225677897
0.019146030690102508
0.007210668640486208
1.2806835371715532E-8
0.0156963464356626
0.020980574531482755
0.011827156917279504
7.667982759693039E-4
0.020998444584734318
0.013139808552042212
0.021352774592011646
0.052559234208168874
0.04515183688171632
0.018977423949228533
0.03817681337429048
0.024675789207681903
0.018231094563196566
0.015284801196484512
0.040583489434387374
0.029083177105737566
0.10682175159905853
0.044568827606990644
0.040583489434387374
0.07986788803078405
0.027611988917697356
0.013878957858167952
0.011412212286076964
0.041961149062965476
0.05522397783539471
0.027611988917697356
0.05341087579952926
0.0018261213746643057
0.0188543596416306
0.027611988917697356
0.040583489434387374
0.041961149062965476
0.025540496664715903
0.03089055318156698
0.024615130620079664
0.013139808552042212
0.03089055318156698
0.02383853510228548
0.030569602392969023
0.03772691894380681
0.04935157841536379
0.049900497019368314
0.04873498938813619
0.13134549472120793
0.017911710595643587
0.007665231032171737
0.041961149062965476
0.017081056798999895
0.031021609279760068
0.017110488113633058
0.024367494694068095
0.017539413943549187
0.05693025330278466
0.04495986993385849
0.02383853510228548
0.012239112014172727
0.02028802809405136
0.04194930905450255
0.037954847898457066
0.014199193612838947
0.023901021968803133
0.0130429800193758
0.007673227858963663
0.0567967744513558
0.02360926901454313
0.02133165846478451
0.08116697886877475
0.018738883683389617
0.03920125907294628
0.01763751180315069
0.01902337345686793
0.06567274736060397
0.034015426186864386
0.014199193612838947
0.04873498938813619
0.0130429800193758
0.01543228837249852
0.02519759344243479
0.057663534013612176
0.010738456044579523
0.03715939007251811
0.020980574531482755
0.021504238591261653
0.021597011339333432
0.12223075560872526
0.021537493400170526
0.010738456044579523
0.03148368666605467
0.01843246158590541
7.341366154150284E-9
0.0037368763409027827
0.031085583786586417
0.03283637368030199
0.02383853510228548
0.027611988917697356
0.018738883683389617
0.010157883052674562
0.03283637368030199
0.021052823456422738
0.017928600661603712
0.014199193612838947
5.846488541492749E-5
0.03283637368030199
0.04932351569489709
0.011836187458972374
0.016932492841722675
0.031247197904994937
0.020980574531482755
0.041961149062965476
0.028398387225677897
0.018543295278285157
0.0167475178542289
0.040583489434387374
0.002819880908565337
0.020980574531482755
0.007869270985473822
0.06220117374063391
0.01562359895249748
0.017177441586169604
6.527997854283348E-4
0.028531838788864484
0.015445276590783498
1.0
0.013492405302858666
1.0968465764902027E-6
0.01367744106030566
0.040583489434387374
0.021340743160056203
0.005918093729486186
0.0037717578954199896
0.016932492841722675
0.03089055318156698
0.010063298747841174
0.027611988917697356
0.024478224028345454
0.011514383434815713
1.0
0.005918093729486186
0.014063699685797683
0.020980574531482755
0.05522397783539471
0.05341087579952926
0.03089055318156698
0.041961149062965476
0.020980574531482755
0.044568827606990644
0.027385973411104613
0.04496618206730099
0.026052442434962204
0.03089055318156698
0.05795599612995367
0.0367352656298894
0.01908840668714524
0.0030417070523533645
0.15207218222740096
0.015694957190569986
0.01080894324815623
0.016604670898042337
0.012239112014172727
0.01509869171115925
0.3032653298563167
0.016932492841722675
0.028465126651392333
0.009077715544186328
0.040583489434387374
0.018738883683389617
0.040583489434387374
0.028398387225677897
0.014199193612838947
0.17542198478193427
0.01230896713724402
0.026279617104084448
0.031251907639724415
0.08116697886877475
0.031021609279760068
0.014199193612838947
2.703417156956587E-6
0.01908840668714524
0.033864985683445356
0.037477767366779206
0.01317095981362614
0.026737051824471045
0.03089055318156698
0.054515257528503364
0.044568827606990644
0.007718322034097671
0.028629993657668888
0.0367352656298894
0.008418013465838444
0.018738883683389617
0.2136435031981171
0.020980574531482755
0.037477767366779206
0.003976388001785548
0.020980574531482755
0.040583489434387374
0.016932492841722675
0.01898400888797787
0.028465126651392333
0.06495032985064743
0.049900497019368314
0.018738883683389617
0.015445276590783498
0.07809849842300641
0.02383853510228548
0.013962808234631476
0.05876350803261633
0.021352774592011646
0.027376474102577802
0.015445276590783498
0.027385973411104613
0.01302622121748111
0.06274655310994741
0.04789232204309912
0.01543664406819533
0.017272237992167865
0.03089055318156698
0.010697691669654345
0.03635358866852297
0.028398387225677897
0.016932492841722675
0.05522397783539471
0.07986788803078405
0.028398387225677897
0.02383853510228548
0.05265261421119587
0.019648763141608138
0.020980574531482755
0.04767707020457096
0.019146030690102508
0.02399905349559606
0.024367494694068095
0.02860344994386159
0.01963506200603642
0.020980574531482755
0.05954672553679791
0.020980574531482755
0.016087046643979717
0.05341087579952926
0.027611988917697356
0.0208362582256928
0.014199193612838947
0.008976423000925776
0.015445276590783498
0.044568827606990644
0.05522397783539471
0.021597011339333432
0.012132661287160854
3.2640180365465436E-4
0.04844232281716619
0.06567274736060397
0.0114347838903095
0.02133165846478451
0.05341087579952926
0.028265205879007455
0.19493995755254476
0.017820934647025707
0.015445276590783498
0.03283637368030199
0.0416725164513856
0.004845325335928309
0.028827386867951624
0.020980574531482755
0.05522397783539469
0.02139538333930869
0.01908840668714524
0.06567274736060397
0.03089055318156698
0.02383853510228548
0.026549256363457792
0.037954847898457066
0.007869270985473822
0.04278179264606696
0.01080894324815623
0.12440234748126781
0.010874245987006856
0.040583489434387374
0.033864985683445356
0.040583489434387374
0.0379680177759557
0.020980574531482755
0.021504238591261653
0.05341087579952926
0.02407485903547034
0.06824052038741776
0.07809849842300641
0.05341087579952926
0.027611988917697356
0.028398387225677897
0.041961149062965476
0.024455939372403628
0.03377156414337854
0.02190407726635374
0.030098043843528283
0.01578994121820227
0.01047173488538854
0.002103488143166566
0.007870921666513668
0.028265205879007455
0.02133165846478451
0.0032479187022371133
0.049900497019368314
0.02407485903547034
0.02383853510228548
0.016932492841722675
0.012239112014172727
0.017110488113633058
0.006679009843017162
0.015445276590783498
5.846488541492749E-5
0.04799810699119213
0.01717906001229924
0.015445276590783498
0.04799810699119213
0.03089055318156698
0.01222796968620182
0.02286956778061902
0.024455939372403628
0.037954847898457066
9.039056888448517E-4
0.041961149062965476
0.05370798753739579
0.0416725164513856
0.010697691669654345
0.015542791893293221
0.033864985683445356
0.011510389467571911
0.0016018537822016692
0.08116697886877475
0.027611988917697356
0.05746166391236872
0.0856127425234383
0.02276859592073037
0.037477767366779206
0.01898400888797787
0.011836187458972374
0.011894251924133204
0.027611988917697356
8.009268911008345E-4
0.020289699885655793
0.0256249125689746
0.003852335977732234
0.005105783260904824
0.016087046643979717
0.018738883683389617
0.011228404634295848
0.015445276590783498
0.03600104948631532
0.014456752008489672
0.037052472057637634
0.15619699684601276
0.034015426186864386
0.04085507150363301
0.02286956778061902
0.0260859600387516
0.015061893230938676
0.028398387225677897
0.01653981182640859
0.020980574531482755
0.042343488066592626
0.031325998243558244
0.026048484532717218
0.04799810699119213
0.026279617104084448
1.221850657143831E-4
0.09694335999590689
0.014063699685797683
0.021440371673288
0.04380815453270746
0.02407485903547034
0.028465126651392333
0.05171845311465849
0.004443919932486925
0.02133165846478451
0.020980574531482755
0.02083728995486933
0.05341087579952926
0.018738883683389617
0.053001566897562975
0.05341087579952926
0.04932351569489709
0.028398387225677897
0.10682175159905853
0.03089055318156698
0.013139808552042212
0.0429538241783181
0.007613259121328357
0.03435488317233918
0.011827156917279504
0.008887839864973848
0.06567274736060397
0.018738883683389617
0.2864190457979542
0.034585921141027376
0.06760229884571738
0.041961149062965476
0.0011392542366888657
0.015445276590783498
0.012051504399596872
0.05522397783539469
0.04767707020457096
0.0017501194367586178
0.033864985683445356
0.028289458031628013
0.03461743640369312
0.002124269490650393
0.040583489434387374
0.06567274736060397
0.010061810165940762
0.024675789207681903
0.05693025330278466
0.034353182138500235
0.028127399371595342
0.0367352656298894
0.021476912089159066
0.024615130620079664
0.021590567826234357
0.010122231330332757
0.018738883683389617
0.1235622127262679
0.01543228837249852
0.044568827606990644
0.05522397783539471
0.037477767366779206
0.014333045747359384
0.018977423949228533
0.016074772865287294
0.009582701933258969
0.08116697886877475
0.07986788803078405
0.002124269490650393
0.03283637368030199
0.005820564441072186
0.018738883683389617
0.041961149062965476
0.040583489434387374
0.03300991086751251
0.03435488317233918
0.00579985691748475
0.03097704314134565
0.018738883683389617
0.013878957858167952
0.02190407726635374
0.02286956778061902
0.01146212677558107
0.05522397783539471
0.02955926526467443
0.06971729121692201
0.0029187678920263066
0.04678822031030107
0.01898400888797787
0.01650404559570943
0.04027248192421852
0.03089055318156698
0.020980574531482755
1.6773131395125593E-4
0.009582701933258969
0.03057230827292727
0.026279617104084448
0.021138964808863438
0.018738883683389617
0.01256753925966749
0.08392229812593097
0.04576506607182439
0.08761630906541493
0.04767707020457096
0.012079826799606154
0.00517420195692352
0.00882875838860343
0.018738883683389617
0.07986788803078405
0.7071067811865476
0.017726282342575568
0.030569602392969023
0.039566236357113045
0.020244462660665517
0.1588107601602792
0.02383853510228548
0.09103526405546068
0.026279617104084448
0.03089055318156698
0.16784459625186196
0.046410334343489214
0.018160849415439315
0.04844232281716619
0.04372912656590315
0.033864985683445356
0.03314288201886802
0.040583489434387374
0.011216940038341035
0.04799810699119213
0.24446151121745052
0.01627688800647872
0.027757915716335905
0.010122231330332757
0.05341087579952926
0.01826472886268133
0.08116697886877475
0.015996686545912898
0.024675789207681903
0.03494888491863064
0.02616269437927649
0.02383853510228548
0.02664321121388894
0.02190407726635374
0.32555630133216146
0.012637829447572243
0.011827156917279504
0.0114347838903095
0.02286956778061902
0.01761575414700886
0.013878192778615909
0.07809849842300641
0.044568827606990644
0.015445276590783498
0.03283637368030199
0.007866467405572666
0.016932492841722675
0.027611988917697356
0.0036486175941634865
0.2033038389239877
0.02873083195618437
0.044568827606990644
0.033864985683445356
0.033864985683445356
0.041961149062965476
0.026373103218655804
0.6389431042462724
0.7361703354503866
0.05341087579952926
0.037477767366779206
1.0
0.018738883683389617
0.031085583786586417
0.015445276590783498
0.02276859592073037
0.016932492841722675
0.014955864348706459
0.058544976940240155
0.07809849842300641
0.005031649373920587
0.014262733286728259
0.004593540302164724
0.015996686545912898
0.03772691894380681
0.07535838128770536
0.05815868174415823
0.03089055318156698
0.0712695567709093
0.018564670505078415
0.0015423051256435356
0.12605968092174913
0.017272237992167865
0.010738456044579523
0.12605968092174913
0.028398387225677897
0.010545465939340198
0.0017824955768751362
0.030569602392969023
0.018738883683389617
0.02416027466056967
0.016536434015815744
0.023547653529958315
0.05522397783539469
0.02139538333930869
0.007306774575702796
0.03772691894380681
0.023154722339652548
0.014779632632337215
0.05522397783539471
0.09163827702757878
0.011567397485091366
0.009451258377819046
0.05868924818816534
0.09652434877402245
0.02735488212061132
0.007887471949677212
0.04266331692956902
0.07101864697284951
1.706713493730354E-5
0.0130429800193758
0.026279617104084448
0.040583489434387374
0.021830711398768028
0.012637829447572243
0.016932492841722675
0.0726788421210274
0.15851165692617147
0.10571070857151538
1.0
0.010211566521809648
0.019648763141608138
0.037477767366779206
0.01821226775481922
0.02477985347170534
1.0
0.033864985683445356
0.09688464563433238
0.019146030690102508
0.008418013465838444
0.03221515452693473
0.01256753925966749
0.06220117374063391
4.8349628851221274E-4
0.0241596535992123
0.0042728819679721305
0.011894251924133204
0.39553325358771796
0.05522397783539471
0.0043542900280071906
0.041961149062965476
0.05868924818816534
0.08051321384556238
0.07495553473355841
0.02286956778061902
0.040583489434387374
0.05522397783539471
0.030098043843528283
0.01650404559570943
0.021590567826234357
0.02078073130332343
0.03089055318156698
0.05706367757772897
0.07128373858810284
0.02269295753552573
0.07160476144948855
0.017060130096854434
0.026279617104084448
0.018110197178625272
0.057737720665823
0.04515183688171632
0.03344930345922425
0.01904630473397475
0.014199193612838947
0.038261660656802664
0.02139089632303349
0.02286956778061902
0.03089055318156698
0.013139808552042212
0.028398387225677897
0.027196652721749117
0.027611988917697356
0.01222796968620182
1.0
0.049900497019368314
0.06220117374063391
0.08310415003234632
0.033864985683445356
0.0367352656298894
1.0
0.1135935489027116
0.017911710595643587
0.0018302542608963728
0.06567274736060397
0.0020832552720791786
0.034353182138500235
1.0
0.019146030690102508
0.11598118436136108
0.0367352656298894
0.03314288201886802
0.017820934647025707
0.025006150769968642
0.029109678177138984
0.017820934647025707
0.016021319366618693
0.018977423949228533
0.015542791893293221
0.06758212955973164
0.026279617104084448
0.008657899011081204
0.05522397783539471
0.008961216124939043
0.01996819088094332
0.004985938711569524
0.037477767366779206
0.012079826799606154
0.03057230827292727
0.0034910926138718265
0.020980574531482755
0.09739982528168148
0.037550011571774476
0.037052472057637634
0.010611278378452589
0.021590567826234357
4.148492410530926E-4
0.024615130620079664
0.015330462064343475
0.00957301534505126
0.0021771450140035953
0.06567274736060397
0.014199193612838947
4.559409827772581E-4
0.0024118012379963885
0.03466791587270993
0.020315766105349124
0.010885011049519647
0.03527502360630138
0.02610266255542666
6.992295190747032E-7
5.16664614247128E-6
1.8887889656199507E-5
0.035802380724744266
0.012637829447572243
3.817663819004394E-5
0.0017309476095850546
0.0321858262703621
0.016087046643979717
2.5723216472777817E-7
0.08295193507109855
0.05341087579952926
0.07986788803078405
0.04767707020457096
0.04027248192421852
0.040583489434387374
0.035922150581698245
0.025275658895144486
0.003269653562747846
0.07986788803078405
0.01761575414700886
0.05522397783539471
0.010783469846969963
0.009077715544186328
0.028398387225677897
0.13976396370981378
0.026279617104084448
0.027196652721749117
0.022392970339022752
0.02286956778061902
0.004697519869408226
0.0370865905565703
0.03817681337429048
0.027611988917697356
0.017035018586323523
0.011967346471330699
0.05804285916064727
0.020948780167761617
0.0260859600387516
0.23356898886410005
0.009336251796882755
0.01226235504168822
0.029079340872079116
0.0379680177759557
0.037954847898457066
0.019146030690102508
0.037477767366779206
0.041961149062965476
0.019369532633258944
0.022882533035912193
0.07160476144948855
0.009080424707719657
0.02318363625143846
0.07545383788761362
0.037477767366779206
0.044568827606990644
0.02286956778061902
0.016536434015815744
0.035641869294051415
0.015284801196484512
0.04065425428798724
0.007855246784369017
0.026279617104084448
0.06231458185911179
0.04198510763696459
0.04753622060013115
0.044568827606990644
0.019626728448746977
0.028265205879007455
0.013962808234631476
0.03283637368030199
0.035802380724744266
0.013353534059549447
0.03377156414337854
0.019218385341145377
0.024455939372403628
0.0167475178542289
0.026279617104084448
0.03377156414337854
0.014199193612838947
0.031251907639724415
0.02383853510228548
0.023770532797338144
0.0022785084733777314
0.014445809981770858
0.02564467478638021
0.0367352656298894
0.015732934811145335
0.030098043843528283
0.028398387225677897
0.011993481292529617
0.02383853510228548
0.01222796968620182
0.02664321121388894
0.03130743172172377
0.01098475607466579
0.014044464769840425
0.022694309136445802
0.027816536947595952
0.02286956778061902
0.03416690978224198
1.468273230830057E-8
0.08116697886877475
0.024906123264252508
0.2259005009024612
0.00882875838860343
0.013139808552042212
0.021906016114066472
0.011840503781981938
0.015784309053930103
0.03527502360630138
0.0534741036489421
0.027196652721749117
0.01750234849639906
0.016932492841722675
0.04767707020457096
7.341366154150284E-9
0.009249909304848787
0.02139089632303349
0.033864985683445356
0.01669427421904088
0.008010354164744191
0.03214954573057458
1.0
0.017272237992167865
0.016932492841722675
0.029083177105737566
0.07809849842300641
0.004649197634792874
0.03214954573057458
0.024870972210467125
0.02383853510228548
0.018123095684554637
0.012905581609282691
0.008954307276600085
0.037477767366779206
0.014199193612838947
0.04923026124015933
0.016932492841722675
0.020980574531482755
0.009596488401476517
0.033864985683445356
0.0188543596416306
0.009080424707719657
0.03772691894380681
0.027611988917697356
0.1135935489027116
0.0367352656298894
0.018155431088372653
0.013139808552042212
0.016932492841722675
0.03283637368030199
0.028856494253219536
0.002699274137527482
0.03283637368030199
0.024455939372403628
0.020470739616486225
0.005238546714708299
0.049900497019368314
0.0114347838903095
0.013721379998120918
0.09535414040914189
0.00791526856301914
0.15619699684601282
0.019866466571118287
0.016932492841722675
0.01081160062096926
0.02399905349559606
0.021352774592011646
0.03283637368030199
0.0033679390510230273
0.537284965911771
0.02286956778061902
6.014191627439465E-4
0.014199193612838947
0.019822566267103433
0.020980574531482755
0.08500539049202117
0.02286956778061902
0.029381754016308166
0.04278179264606696
0.037477767366779206
0.11156508007421491
0.06288713985170048
0.03416211359799979
0.11598118436136108
0.08310415003234632
0.00957301534505126
0.018543295278285157
0.021597011339333432
0.027611988917697356
0.08745825313180632
0.018709718017288025
0.011510389467571911
0.040583489434387374
0.07986788803078405
0.005126350474233546
0.0416725164513856
0.013139808552042212
0.02286956778061902
0.008233321209555004
0.02383853510228548
