0.03772691894380681
0.020705706652424
0.002964656895382989
0.23643540225079396
0.018738883683389617
0.05341087579952926
0.016932492841722675
0.0367352656298894
0.03817681337429048
0.03089055318156698
0.03772691894380681
0.041961149062965476
0.016932492841722675
0.0567967744513558
0.01222796968620182
0.08310415003234632
0.04455125902992473
0.016932492841722675
0.01509869171115925
0.005178152682091549
0.016932492841722675
0.013139808552042212
0.09688464563433238
0.009710817572121186
0.01683602693167689
0.027611988917697356
0.037477767366779206
0.12872632311973017
0.010738456044579523
0.033864985683445356
0.01763751180315069
0.027611988917697356
0.03283637368030199
0.08295193507109855
0.04767707020457096
1.0
0.041961149062965476
0.45782273986766686
0.09287528999566796
0.005554498269121153
0.027611988917697356
0.5
0.00863611899608393
0.15777684932819508
0.015445276590783498
0.04372912656590315
0.06220117374063391
0.08310415003234632
0.10682175159905853
0.018738883683389617
0.040583489434387374
0.04844232281716619
0.0011392542366888657
0.01080894324815623
0.022882533035912193
0.013139808552042212
0.040583489434387374
0.2722230298303347
0.040583489434387374
0.04767707020457096
0.017928600661603712
0.02383853510228548
0.03283637368030199
0.03089055318156698
0.033864985683445356
0.041961149062965476
0.030569602392969023
0.020980574531482755
0.37991784282579627
0.03283637368030199
0.0130429800193758
0.0011392542366888657
0.040583489434387374
0.027611988917697356
0.16186478197091597
1.0
0.018738883683389617
0.04027248192421852
0.018738883683389617
0.040583489434387374
0.03283637368030199
0.03283637368030199
0.033864985683445356
0.18393972058572117
0.016932492841722675
0.02383853510228548
0.016932492841722675
0.01146212677558107
0.16186478197091597
0.014199193612838947
0.020980574531482755
0.020980574531482755
0.020980574531482755
0.037477767366779206
0.03283637368030199
0.10682175159905853
0.03435488317233918
0.031251907639724415
0.027196652721749117
0.026279617104084448
0.2259005009024612
0.027611988917697356
0.23643540225079396
0.2136435031981171
0.00863611899608393
0.020980574531482755
0.3976353643835253
0.19505632433269743
0.37991784282579627
0.014199193612838947
0.08310415003234632
0.05341087579952926
0.10682175159905853
0.05341087579952926
0.01763751180315069
0.017110488113633058
0.014199193612838947
0.16186478197091597
0.392814650900513
0.019648763141608138
0.0208362582256928
0.37991784282579627
0.014537746758657346
0.018738883683389617
0.18393972058572117
0.004160891977396565
1.0
0.07986788803078405
0.005918093729486186
0.030266181377145762
0.03377156414337854
0.06220117374063391
0.3021375397356768
0.05341087579952926
0.01222796968620182
0.033864985683445356
0.024675789207681903
1.0
0.03283637368030199
0.021721299903135396
0.5946035575013605
0.020980574531482755
0.021504238591261653
0.044568827606990644
0.02399905349559606
0.5
0.1597357760615681
0.010697691669654345
0.027611988917697356
0.010418644977434674
0.0156963464356626
0.028465126651392333
0.05341087579952926
0.017272237992167865
0.19070828081828378
0.2722230298303347
0.018738883683389617
0.00915781944436709
0.040583489434387374
0.6997522298221912
0.02161788649631246
0.033864985683445356
0.03283637368030199
0.027611988917697356
0.45180100180492244
0.07160476144948855
0.05341087579952926
0.09652434877402245
0.03772691894380681
1.0
1.0
0.020980574531482755
0.16186478197091597
0.45180100180492244
0.031251907639724415
0.028465126651392333
1.0
0.12440234748126781
0.024367494694068095
0.027611988917697356
0.040583489434387374
0.016932492841722675
0.020980574531482755
0.13134549472120793
0.03377156414337854
0.016932492841722675
0.016932492841722675
0.06567274736060397
0.018543295278285157
0.02139089632303349
0.025292817518388536
0.3630407264452067
0.040583489434387374
0.03772691894380681
0.07986788803078405
0.020980574531482755
0.013878957858167952
0.05954672553679791
0.08334503290277118
0.014199193612838947
0.0012393760883331792
0.020980574531482755
0.05522397783539471
0.017820934647025707
0.18393972058572117
0.0114347838903095
0.027611988917697356
0.027611988917697356
0.05954672553679791
0.020980574531482755
0.014199193612838947
0.08116697886877475
0.034353182138500235
0.07986788803078405
0.05341087579952926
0.027611988917697356
0.4272870063962341
0.030098043843528283
0.08116697886877475
0.31947155212313627
0.04844232281716619
0.19357693493908812
0.027611988917697356
0.02383853510228548
0.23643540225079396
0.0032261949000137397
0.020980574531482755
0.011354443244942601
0.020980574531482755
0.018738883683389617
0.09688464563433238
0.049900497019368314
0.027611988917697356
0.007866467405572666
0.018738883683389617
0.11598118436136108
1.0
0.03772691894380681
0.040583489434387374
0.4347208719449915
0.08745825313180632
0.02383853510228548
0.008058772966335387
0.2136435031981171
0.3630407264452067
0.2722230298303347
0.014199193612838947
0.03283637368030199
0.040583489434387374
0.02383853510228548
0.018738883683389617
0.024455939372403628
0.05341087579952926
1.0
0.07986788803078405
0.002659170925018653
0.007866467405572666
0.1597357760615681
0.035802380724744266
0.033864985683445356
0.033864985683445356
0.1092329990819115
0.37991784282579627
0.4272870063962341
0.05428210647032972
0.08116697886877475
0.02383853510228548
0.08310415003234632
0.011354463501096666
0.03057230827292727
0.037477767366779206
0.02931251013275449
0.04266709328925954
1.0
1.0
1.0
0.020980574531482755
0.028465126651392333
0.018914995614939308
0.014199193612838947
0.09688464563433238
0.06567274736060397
0.05816635421147513
0.08310415003234632
0.04767707020457096
0.0379680177759557
0.668740304976422
0.07175721159246834
0.020980574531482755
0.0768110411662276
0.018738883683389617
0.016932492841722675
0.08085182710148953
0.07809849842300641
0.19505632433269743
0.4775586214302964
0.028465126651392333
0.7071067811865476
0.02139089632303349
0.027611988917697356
0.040583489434387374
0.16186478197091597
0.11598118436136108
1.0
0.1597357760615681
0.07986788803078405
0.018543295278285157
0.3680705440519071
0.07986788803078405
0.001710344227783193
0.016932492841722675
0.016932492841722675
0.10511846841633776
0.08116697886877475
0.3032653298563167
0.9017226623630116
0.0064335654798045845
0.08745825313180632
0.3032653298563167
0.16233395773754944
0.11044795567078944
0.10682175159905853
0.05341087579952926
0.02383853510228548
0.1353352832366127
0.18393972058572117
1.0
0.31947155212313627
0.01232213501844496
0.037477767366779206
0.016932492841722675
0.03527502360630138
0.05341087579952926
0.002925662791955391
0.021340743160056203
0.05341087579952926
0.035641869294051415
0.023020778935143822
0.027757915716335905
0.003976388001785548
0.0167475178542289
1.0
0.027611988917697356
0.027611988917697356
0.027196652721749117
0.11909345107359584
0.24446151121745052
0.05876350803261633
0.11598118436136108
0.510029457493824
0.1462613413027904
0.02399905349559606
0.2319623687227222
0.23643540225079396
0.323729563941832
0.06220117374063391
0.3630407264452067
0.020980574531482755
0.017820934647025707
0.04844232281716619
0.02139089632303349
0.02931251013275449
0.015445276590783498
0.16186478197091597
0.06916271812933183
0.044568827606990644
0.005918093729486186
0.05954672553679791
0.11598118436136108
0.06567274736060397
0.323729563941832
0.00882875838860343
0.0156963464356626
0.014929831413909562
0.06567274736060397
0.6065306597126334
0.07986788803078405
0.4272870063962341
0.04923026124015933
0.01222796968620182
0.02931251013275449
0.021504238591261653
0.05341087579952926
0.03057230827292727
0.02383853510228548
0.6389431042462724
0.0156963464356626
0.020943469770777077
0.039297526283216276
0.05815868174415823
0.016932492841722675
0.07986788803078405
0.37991784282579627
0.02931251013275449
0.026279617104084448
0.08310415003234632
0.09688464563433238
0.010783469846969963
0.14058533129758727
0.03283637368030199
0.041961149062965476
0.010783469846969963
0.2722230298303347
0.17965205598154216
0.10682175159905853
0.033864985683445356
0.06220117374063391
0.2722230298303347
0.2722230298303347
0.02399905349559606
0.37991784282579627
0.15619699684601282
0.027611988917697356
0.4272870063962341
0.05341087579952926
0.02383853510228548
0.2259005009024612
0.049900497019368314
0.018738883683389617
0.1270331870386537
0.05341087579952926
0.05522397783539471
0.049900497019368314
0.013139808552042212
0.1270331870386537
0.024615130620079664
0.040229536853980265
0.11598118436136108
0.040583489434387374
0.08310415003234632
0.07175721159246834
0.3032653298563167
0.2259005009024612
0.02383853510228548
0.027611988917697356
0.5946035575013605
0.15777684932819508
0.18762935180380186
0.016932492841722675
0.05341087579952926
0.03283637368030199
0.11909345107359584
0.010783469846969963
0.3032653298563167
0.07986788803078405
0.2259005009024612
0.03283637368030199
0.035802380724744266
0.024893534183931972
0.015445276590783498
0.18393972058572117
0.10682175159905853
0.08116697886877475
0.040583489434387374
0.18393972058572117
0.08310415003234632
0.18762935180380186
0.044568827606990644
0.028465126651392333
0.03057230827292727
0.025540496664715903
0.020980574531482755
0.03283637368030199
0.033864985683445356
0.05522397783539471
1.0
0.19505632433269743
0.2259005009024612
0.19505632433269743
0.5
0.06567274736060397
0.05954672553679791
1.0
1.0
0.040161384364076534
0.07986788803078405
0.027611988917697356
0.16186478197091597
0.05954672553679791
0.037477767366779206
0.03283637368030199
0.018738883683389617
0.12605968092174913
0.02383853510228548
0.040583489434387374
0.028531838788864484
0.04372912656590315
0.020980574531482755
0.11752701606523268
0.10682175159905853
0.08377387908310828
0.024675789207681903
0.0208362582256928
0.033864985683445356
0.010569482404431722
0.027611988917697356
0.018738883683389617
0.016934096677198085
0.07986788803078405
0.05341087579952926
0.037477767366779206
0.07986788803078405
0.020980574531482755
0.014265919394432253
0.033864985683445356
0.00957301534505126
0.031251907639724415
0.007530946615469337
0.02399905349559606
0.009609192670572678
0.02383853510228548
0.017386863385674488
0.04372912656590315
0.10571070857151538
0.2259005009024612
0.028398387225677897
0.31947155212313627
0.037477767366779206
0.015445276590783498
0.041961149062965476
0.04923026124015933
0.013139808552042212
0.006555955479100612
0.2722230298303347
0.027611988917697356
0.018738883683389617
0.03283637368030199
0.013139808552042212
0.007228376004244835
0.041961149062965476
0.002124269490650393
0.0065955635923767245
0.10343603005129705
0.015880117714047366
0.013139808552042212
0.18995892141289814
0.019146030690102508
0.015284801196484512
0.015445276590783498
0.027611988917697356
0.2259005009024612
