0.041961149062965476
0.0429039557970495
0.8801117367933934
0.05073552004225952
0.06285596338261261
0.07495553473355841
0.31947155212313627
0.9193227152249185
0.025006150769968642
0.06250381527944884
0.025889065173943994
0.037477767366779206
0.04027248192421852
0.08392229812593097
0.7825422900366437
0.04767707020457096
0.014971158614143297
0.010738456044579523
0.024615130620079664
0.29765372490051634
0.08097785064266201
0.04027248192421852
0.033864985683445356
0.05439330544349821
0.06959578721753987
0.8801117367933934
0.06837203339116285
0.020980574531482755
0.0367352656298894
0.03136424045881038
0.20217803037339238
0.04767707020457096
0.05073552004225952
0.03737437943747671
0.016932492841722675
0.2626909894424158
0.04513617516969123
0.037477767366779206
0.01222796968620182
0.040583489434387374
0.008853994618255678
0.026048484532717218
0.020315766105349124
0.0260859600387516
0.014779632632337215
0.03416211359799979
0.028398387225677897
0.09425159511373678
0.06916141792551132
0.10511846841633776
0.028127399371595342
0.04469085405803316
0.041961149062965476
0.037477767366779206
0.02519759344243479
0.519087769811935
0.6147881529512643
0.19433094436376075
0.0370865905565703
0.024455939372403628
0.04085507150363301
0.025275658895144486
0.020980574531482755
0.01908840668714524
0.052096969065434415
0.09977283359412498
0.03435488317233918
0.13292417883329388
0.5946035575013605
0.0844991782262014
0.06285596338261261
0.0367352656298894
0.0567967744513558
0.024455939372403628
0.044568827606990644
0.09535414040914189
0.02276859592073037
0.04932351569489709
0.08400788786839637
0.31947155212313627
0.8931539818068694
0.618860478496542
0.618860478496542
0.9193227152249185
0.04546282993105839
0.08295193507109855
0.015445276590783498
0.04344259980627079
0.024870972210467125
0.021721299903135396
0.11787460936700446
0.018738883683389617
0.012589193610827863
0.09752759118141047
0.5390594848489677
0.31947155212313627
0.21763141204756337
0.31947155212313627
0.4393983107600289
0.32466791547509893
0.03737437943747671
0.018738883683389617
0.062494395809989875
0.07495553473355841
0.31947155212313627
0.036967197413021805
0.04767707020457096
0.05061867434834411
0.0167475178542289
0.03377156414337854
0.014199193612838947
0.033864985683445356
0.19271248557365392
0.022421738634647265
0.519087769811935
0.2891784933232571
0.101471040084519
0.020980574531482755
0.31947155212313627
0.013599471925976851
0.2545984531673679
0.23961829057131984
0.20556680845025987
0.09287528999566796
0.08054496384843698
0.2584865769785853
0.0687938864869854
0.35084396956386854
0.02664321121388894
0.012079826799606154
0.05653041175801491
0.021476912089159066
0.07160476144948855
0.02383853510228548
0.519087769811935
0.14535768424205484
0.06344849033136085
0.03737437943747671
0.3161487584488943
0.034857116957065434
0.05815868174415823
0.029083177105737566
0.02637407736896916
0.1137928821108646
0.016932492841722675
0.05693025330278466
0.03089055318156698
0.8931539818068694
0.05693025330278466
0.018738883683389617
0.026279617104084448
0.028127399371595342
0.015445276590783498
0.026549256363457792
0.05341087579952926
0.024617934274488044
0.05108099332943181
0.01317095981362614
0.044568827606990644
0.5142401605028263
0.14535768424205484
0.0687938864869854
0.2560797001652275
0.009055400496876965
0.7577395672414201
0.026440681349450875
0.0069390963893079536
0.027196652721749117
0.023287349035853486
0.9193227152249185
0.04935157841536379
0.028398387225677897
0.05795599612995367
0.03300809119141885
0.07433761660133446
0.054129891865452646
0.034089919964838566
0.0114347838903095
0.01763751180315069
0.05522397783539471
0.0741367008365338
0.06471074162236759
0.028403891990720458
0.033864985683445356
0.2560797001652275
0.041961149062965476
0.0561448414888736
0.19338531381761725
0.027196652721749117
0.020980574531482755
0.19505632433269743
0.03396940115602912
0.3699033744491308
0.23217460403031903
0.033864985683445356
0.041961149062965476
0.018155431088372653
0.260899397956404
0.04085507150363301
0.6104735835807844
0.037477767366779206
0.01958224832501124
0.8801117367933934
0.02383853510228548
0.059773257379243556
0.827793296033012
0.041961149062965476
0.041961149062965476
0.13741272855400088
0.19640732545025652
0.519087769811935
0.13134549472120793
0.09442944296079735
0.030569602392969023
0.02637407736896916
0.06766165252145301
0.04027248192421852
0.059342026097604875
0.08208611846457008
0.2984745896009823
0.050243511979240846
0.057066409957433756
0.028398387225677897
0.021504238591261653
0.8801117367933934
0.11217265776204946
0.04767707020457096
0.08295193507109855
0.16233395773754944
0.03416211359799979
0.06178110636313397
0.028398387225677897
0.2891784933232572
0.0367352656298894
0.037477767366779206
0.03168150598551599
0.07495553473355841
0.004350967877375742
0.24051990745470517
0.03089055318156698
0.06917184228205472
0.018738883683389617
0.21536724200522805
0.2925637512788283
0.0844991782262014
0.668740304976422
0.519087769811935
0.10552670315936319
0.09287528999566796
0.037052472057637634
0.0038863757794266067
0.017756683992715506
0.08532663385913801
0.044568827606990644
0.05341087579952926
0.09442944296079735
0.10600313379512592
0.04515183688171632
0.3549481056010053
0.037477767366779206
0.05816635421147513
0.044568827606990644
0.0254507234234606
0.04673289785800724
0.026279617104084448
0.2044800736021839
0.12223075560872526
0.028913504016979348
0.4703709593866897
0.15106876986783843
0.11451997463067552
0.0367352656298894
0.016087046643979717
0.7102992180127422
0.02786973068084291
0.03089055318156698
0.19460627138785042
0.013540902819918828
0.034585921141027376
0.033864985683445356
0.02190407726635374
0.016932492841722675
0.260899397956404
0.0567967744513558
0.519087769811935
0.15619699684601282
0.030098043843528283
0.02383853510228548
0.02383853510228548
0.037477767366779206
0.260899397956404
0.30648392779474315
0.15537125692760353
0.049900497019368314
0.08400788786839637
0.08913765521398126
0.05341087579952926
0.03377156414337854
0.041961149062965476
0.08532663385913801
0.02286956778061902
0.016701777430699286
0.4671379777282001
0.037477767366779206
0.0660902979597904
0.7016879391277371
0.23761018873960865
0.36741454942156665
0.23961829057131984
0.041961149062965476
0.7916963878457504
0.05816635421147513
0.049900497019368314
0.06837203339116285
0.32279203460361755
0.041996889169468636
0.519087769811935
0.007665231032171737
0.668740304976422
0.08392229812593097
0.010122231330332757
0.028398387225677897
0.07193386832734808
0.18575057999133598
0.018977423949228533
0.19070828081828378
0.09103526405546068
0.07495553473355841
0.03600104948631532
0.014199193612838947
0.05971932565563823
0.0534741036489421
0.09473826754214427
0.041961149062965476
0.014199193612838947
0.09030367376343264
0.06754312828675708
0.033864985683445356
0.025006150769968642
0.018738883683389617
0.041961149062965476
0.06896242107716466
0.04567211833282236
0.10552670315936319
0.06506124089578338
0.036601145083241325
0.031247197904994937
0.05488584132519439
0.04932351569489709
0.010122231330332757
0.05369488567517932
0.028398387225677897
0.041961149062965476
0.16233395773754944
0.010545665719646581
0.020980574531482755
0.030569602392969023
0.08295193507109855
0.9193227152249185
0.18693159143202892
0.013139808552042212
0.4513165758172509
0.06786053138365654
0.036967197413021805
0.02383853510228548
0.24623953025272613
0.024455939372403628
0.07495553473355841
0.0017527424730016973
0.1278832848562552
0.5142401605028263
0.15270725349716185
0.0379680177759557
0.021504238591261653
0.028398387225677897
0.2282484365812207
0.044568827606990644
0.11498759556447223
0.017657516777206863
0.034585921141027376
0.0734705312597788
0.013553186597469942
0.04266331692956902
0.25965358893403384
0.07603985612048919
0.012622239405701922
0.033864985683445356
0.02383853510228548
0.019833734500134766
0.09032570838137464
1.0
0.08054496384843698
0.034353182138500235
0.0734705312597788
0.024455939372403628
0.5781396287180781
0.6535068282481995
0.06772997136689071
0.06772997136689071
0.0367352656298894
0.10786826322527471
0.020980574531482755
0.08054496384843698
0.10127993013562818
0.01367744106030566
0.4393983107600289
0.10552670315936319
0.024455939372403628
0.033864985683445356
0.026398002900658198
0.5142401605028263
0.668740304976422
0.09287528999566796
0.04767707020457096
0.028629993657668888
0.03089055318156698
0.03377156414337854
0.10786826322527471
0.11631736348831642
0.06285596338261261
0.2620251007173263
0.11466436597887507
0.13832543625866361
0.010009398039350843
0.03217409328795944
0.05633171091207463
0.028398387225677897
0.35556702356686953
0.03737437943747671
0.7825422900366437
0.7825422900366437
0.06285596338261261
0.014199193612838947
0.028398387225677897
0.026279617104084448
0.01573854197094764
0.07635362674858093
0.7825422900366437
0.7825422900366437
0.7825422900366437
0.014199193612838947
0.7825422900366437
0.7825422900366437
0.7825422900366437
0.7825422900366437
0.7825422900366437
0.0254507234234606
0.049900497019368314
0.7825422900366437
0.7825422900366437
0.013139808552042212
0.03333744983027297
0.8408964152537145
0.8408964152537145
0.14535768424205484
0.022325174503683518
0.038124068937329156
0.024455939372403628
0.06285596338261261
0.016466642419110007
0.024455939372403628
0.078594386815106
0.025708144432736023
0.0241596535992123
0.0334950357084578
0.4111336169005197
0.014199193612838947
0.02383853510228548
0.015128536235574886
0.05847275578505035
0.020943469770777077
0.10552670315936319
0.04767707020457096
0.08295193507109855
0.09287528999566796
0.5129497107827519
0.02383853510228548
0.026052442434962204
0.026279617104084448
0.028398387225677897
0.021476912089159066
0.026279617104084448
1.0
0.16233395773754944
0.1437791910008819
0.041961149062965476
0.050971039855229695
0.050971039855229695
0.041961149062965476
0.05816635421147516
0.11208466750961142
0.5142401605028263
0.26269098944241576
0.8633400213704505
0.805312203079627
0.8633400213704505
0.8633400213704505
0.8633400213704505
0.016932492841722675
0.02383853510228548
0.04891187874480726
0.043008477182523305
0.8408964152537145
0.8633400213704505
0.09442944296079735
0.08295193507109855
0.06567274736060397
0.06837203339116285
0.2891784933232572
0.04767707020457096
0.8633400213704505
0.027611988917697356
0.8931539818068694
0.020980574531482755
0.31702331385234306
0.8633400213704505
0.7598356856515925
0.01222796968620182
0.041961149062965476
0.023020778935143822
0.015284801196484512
0.7598356856515925
0.040583489434387374
0.02383853510228548
0.4063798282013442
0.024478224028345454
0.03817681337429048
0.08403703759902119
0.05816635421147513
0.06113920478593803
0.03817681337429048
0.8633400213704505
0.36741454942156665
0.23961829057131984
0.1135935489027116
0.06285596338261261
0.0379680177759557
0.2984745896009823
0.024455939372403628
0.037477767366779206
0.0379680177759557
0.05073552004225952
0.05816635421147513
0.02286956778061902
0.024584765364827375
0.014199193612838947
0.06916141792551132
0.10552670315936319
0.03431634827996379
0.11156508007421491
0.5142401605028263
0.04027248192421852
0.04767707020457096
0.035802380724744266
0.04266331692956902
0.07714073404379711
0.5946035575013605
0.020980574531482755
0.04513617516969123
0.009298395269585749
0.2777619034011791
0.044568827606990644
0.8633400213704505
0.8633400213704505
0.37817904276524744
0.8633400213704505
0.035802380724744266
0.028398387225677897
0.8633400213704505
0.09027235033938245
0.6115380576901023
0.05522397783539471
0.018738883683389617
0.04278179264606696
0.02383853510228548
0.04027248192421852
1.0
0.08295193507109855
0.027611988917697356
0.06567274736060397
0.09287528999566796
0.0734705312597788
0.03435488317233918
0.03416211359799979
0.018160849415439315
0.08295193507109855
0.017043400968908922
0.08913765521398126
0.018738883683389617
0.8070557274927982
0.8070557274927982
0.016932492841722675
0.01095203863317687
0.08400788786839637
0.08295193507109855
0.04515183688171632
0.8070557274927982
0.8070557274927982
0.02955926526467443
0.017110488113633058
0.0416725164513856
0.06285596338261261
0.031157290929555895
0.059342026097604875
0.04065425428798724
0.05653041175801491
0.06272848091762072
0.0688037070798893
0.027611988917697356
1.0
1.0
0.03164386910308281
0.027611988917697356
0.02085799585464663
0.04873498938813619
0.05522397783539471
0.02399905349559606
0.02955926526467443
0.12223075560872526
0.007473752681805565
1.0
0.04873498938813619
1.0
0.027611988917697356
0.6580370064762462
0.05522397783539471
0.02955926526467443
0.008468871289992021
0.02955926526467443
0.04873498938813619
0.01908840668714524
0.017272237992167865
0.03164386910308281
0.04767707020457096
0.028666091494718774
0.31239399369202553
0.04753622060013115
0.04065425428798724
0.0254507234234606
0.06285596338261261
0.20556680845025987
0.037477767366779206
0.037477767366779206
0.027611988917697356
0.018543295278285157
0.026279617104084448
0.033864985683445356
1.0
0.09980099403873663
0.05406502668979586
0.061685854102812354
0.049900497019368314
0.00957301534505126
0.10552670315936319
0.36741454942156665
0.4428500142691474
0.0114347838903095
0.0241596535992123
0.23875171324177322
0.020980574531482755
0.6591844162499148
0.09442944296079735
0.09548450962056532
0.5142401605028263
0.14323145079400493
0.7577395672414201
0.13134549472120793
0.09318203403533279
0.2658156069371863
0.09864703138979415
0.037477767366779206
0.07495553473355841
0.025540496664715903
0.9193227152249185
0.09864703138979415
0.020980574531482755
0.6591844162499148
0.09864703138979415
0.037477767366779206
0.09287528999566796
0.09980099403873663
0.009128462139364281
0.0859076483566362
0.17423472443716534
0.04100530090638893
0.6028817681965138
0.6142150942225167
0.4841524713034601
0.7071067811865475
0.028265205879007455
0.519087769811935
0.34572078464194106
0.5814307369682193
0.020998444584734318
0.07986788803078405
0.04027248192421852
0.034585921141027376
0.05522397783539471
0.054129891865452646
0.08295193507109855
0.06837203339116285
0.8801117367933934
0.04194930905450255
0.8801117367933934
0.05522397783539471
0.0114347838903095
0.041961149062965476
0.03089055318156698
0.23736810439041953
0.016932492841722675
0.02383853510228548
0.04873498938813619
0.037477767366779206
0.025831124391916538
0.09287528999566796
0.031247197904994937
0.043383324645517855
0.09080027618567452
0.041961149062965476
0.17268932789342512
0.1270331870386537
0.028629993657668888
0.5169731539571706
1.0
0.5142401605028263
0.14258769764520748
0.8801117367933934
0.37183062408748657
0.06542540885608186
0.031251907639724415
0.043008477182523305
0.024584765364827375
0.08295193507109855
0.04065425428798724
0.21364350319811704
0.49309782490179943
0.016087046643979717
0.5814307369682193
0.010122231330332757
0.04266331692956902
0.06567274736060397
0.027611988917697356
0.23462350320528
0.06837203339116285
0.016932492841722675
0.05816635421147513
0.06285596338261261
0.028127399371595342
0.08295193507109855
0.01222796968620182
0.04753622060013115
0.028127399371595342
0.026279617104084448
0.09287528999566796
0.22997519112894443
0.05341087579952926
0.06178110636313397
0.024478224028345454
0.06772997136689071
0.08913765521398126
0.9193227152249185
0.054129891865452646
0.049900497019368314
0.09535414040914189
0.037477767366779206
0.8801117367933934
0.8801117367933934
0.03089055318156698
0.03416211359799979
0.6668954865619205
0.0534741036489421
0.6389431042462724
0.8801117367933934
0.05114598707088891
0.024675789207681903
0.021504238591261653
0.8801117367933934
0.006276071126342914
0.05341087579952926
0.7292571723872933
0.03089055318156698
0.041961149062965476
0.2953872020786077
0.04027248192421852
0.06832422719599955
0.21200626759025185
0.03314288201886802
0.010738456044579523
0.03435488317233918
0.05108099332943181
0.0734705312597788
0.018815557141800426
0.008491822537255894
0.3155984539112945
0.09030367376343264
0.06837203339116285
0.044568827606990644
0.031251907639724415
0.09287528999566796
0.17359100558362855
0.049900497019368314
0.044568827606990644
0.04753622060013115
0.9193227152249185
0.032567594431760945
0.9036020036098448
0.15619699684601282
0.037954847898457066
0.041961149062965476
0.07768562846380175
0.1983544145418289
0.03089055318156698
0.012725361711730311
0.08295193507109855
0.31314224813827346
0.04767707020457096
0.0534741036489421
0.048966276029787724
0.043899270742871276
0.537284965911771
0.537284965911771
0.020244462660665517
0.6606328636027614
0.3739996273207329
0.020980574531482755
0.9193227152249185
0.03344930345922425
0.01222796968620182
0.03435488317233918
0.05309851272691555
0.012867130959609159
0.39121234471035043
0.024455939372403628
0.03737437943747671
0.06837203339116285
0.06285596338261261
0.028465126651392333
0.3136770716665142
0.06839596061560943
0.7825422900366437
0.040196567388933686
0.1777835117834348
0.01222796968620182
0.7577395672414201
0.18478280304971878
0.6548907866815301
0.9036020036098448
0.10786826322527471
0.06567274736060397
0.07495553473355841
0.06285596338261261
0.03433105410991817
0.017928600661603712
0.1354599427337814
0.05625479874319069
0.049900497019368314
0.0734705312597788
0.6389431042462724
0.22811360354329613
0.8801117367933934
0.3655552228545123
0.519087769811935
0.15678003406168173
0.04266709328925954
0.11598118436136108
0.033864985683445356
0.03057230827292727
0.0156963464356626
0.7577395672414201
0.13485111859503685
0.5814307369682193
9.4172217985883E-4
0.013111910958201224
0.06837203339116285
0.015445276590783498
0.8801117367933934
0.027611988917697356
0.03416211359799979
0.710866788975034
0.37340019572537414
0.03377156414337854
0.5814307369682193
0.06754312828675708
0.3201911827891037
0.7598356856515925
0.013139808552042212
0.03632928877985222
0.04141141330484801
0.2295748846661433
0.13134549472120793
0.09287528999566796
0.03283637368030199
0.020980574531482755
0.012079826799606154
0.04065425428798724
0.09548450962056532
0.05417921591708778
0.04767707020457096
1.0
0.05417921591708778
0.015542791893293221
0.0321858262703621
0.07807646168419155
0.020980574531482755
0.01960062953647315
0.08295193507109855
0.037477767366779206
0.14583776460856354
0.01908840668714524
0.7577395672414201
0.403527863746399
0.17584661674110286
0.014075678340715925
0.3003918358815796
0.020980574531482755
0.051655747822086866
0.7691605673134586
0.027611988917697356
0.06837203339116285
0.17945943107741746
0.06054630691682828
0.7691605673134586
0.021476912089159066
0.26269098944241576
0.8801117367933934
0.005529132673596237
0.13784336590962215
0.5078431769269641
0.5954165059120786
0.037954847898457066
0.02775638555723182
0.827793296033012
0.7691605673134586
0.030057993394487642
0.036967197413021805
0.03283637368030199
0.09287528999566796
0.05095335964988338
0.018738883683389617
0.06916141792551132
0.06916141792551132
0.519087769811935
0.42383656282787796
0.056697911109760024
0.355433394487517
0.010738456044579523
0.049900497019368314
0.040583489434387374
0.037477767366779206
0.06567274736060397
0.029381754016308166
0.7910665071754358
0.03089055318156698
0.1640212036255557
0.02132081946882163
0.5093330917854971
0.01543664406819533
0.07495553473355841
0.17098323692758396
0.12223075560872526
0.12223075560872526
1.0
0.519087769811935
0.05706367757772897
0.044568827606990644
1.0
0.5142401605028263
0.12872632311973017
0.06285596338261261
0.02786973068084291
0.04515183688171632
0.034220976227266095
0.31702331385234306
0.08295193507109855
0.02407485903547034
0.03600104948631532
0.06250381527944884
0.01650404559570943
0.2888005637508866
0.7403418011389237
0.8559471626823624
0.05265261421119587
0.12434233514634571
0.050912128230977495
0.07393439482604361
0.021476912089159066
0.029079340872079116
0.0241596535992123
0.028465126651392333
0.30620490882364876
0.013139808552042212
0.040631532210698235
0.034585921141027376
0.5266403878479265
0.05573946136168582
0.028403891990720458
0.041961149062965476
0.18325568129983202
0.0367352656298894
0.02383853510228548
0.037477767366779206
0.10552670315936319
0.05522397783539471
0.8801117367933934
0.03089055318156698
0.033864985683445356
0.8408964152537145
0.6591844162499148
0.8559471626823624
0.6389431042462724
0.018160849415439315
0.04767707020457096
0.028398387225677897
0.0471728363692704
0.8801117367933934
0.31947155212313627
0.5142401605028263
0.1937692912686648
0.09080027618567452
0.1457556240341958
0.031251907639724415
0.037477767366779206
0.043899270742871276
0.030268675397150575
0.5156626918239822
0.5387551338654779
0.009426878515941442
0.08295193507109855
0.02735488212061132
0.021476912089159066
0.05816635421147513
0.038229746997386335
0.09652434877402245
0.07574347133041981
0.04027248192421852
0.004096082229166714
0.8801117367933934
0.06285596338261261
0.06809398432036522
0.06285596338261261
0.519087769811935
0.16102307266026747
0.03197383344450448
0.09287528999566796
0.09287528999566796
0.054011574454540336
0.01898400888797787
0.09287528999566796
0.020980574531482755
0.08493098745313143
0.026279617104084448
0.09287528999566796
0.01986954492793474
0.06567274736060397
0.07393439482604361
0.07393439482604361
0.31239399369202553
0.9036020036098448
0.06754312828675708
0.04085507150363301
0.18207052811092136
0.0429538241783181
0.03089055318156698
0.20164945583740668
0.03916449665002249
0.7102992180127422
0.059118530529348866
1.0
0.5142401605028263
0.04814971807094068
0.044568827606990644
0.12434233514634571
0.8385766789076257
0.24234418241351588
0.08171014300726602
0.05660233915657915
0.031251907639724415
0.5706745777055999
0.059118530529348866
0.026052442434962204
0.027257628764251682
0.041961149062965476
0.10552670315936319
0.0334950357084578
0.033864985683445356
0.1525487608028145
0.02735488212061132
0.13540372457315736
0.06285596338261261
0.02273154356702287
0.03582342119128718
0.6434588841607617
0.09080027618567452
0.07495553473355841
0.17609282679116184
0.8865773946743905
0.05108099332943181
0.02452471008337643
0.8531833263091443
0.040196567388933686
0.16515821590069035
0.12434233514634571
0.120556139900736
0.041961149062965476
0.01763751180315069
0.19251614434393563
0.09429254736980934
0.10845182904139573
0.03089055318156698
0.08054496384843698
0.16784459625186196
0.040583489434387374
0.04814971807094068
0.029275822595890535
0.021240520413055804
0.012079826799606154
0.0260859600387516
0.056697911109760024
0.10786826322527471
0.21972813874997157
0.10552670315936319
0.05073552004225952
0.5445178846139404
0.020315766105349124
0.06988157272632076
0.09980099403873663
0.519087769811935
0.10552670315936319
0.09782375748961449
0.023309208103306354
0.030165524927300753
0.05868924818816534
0.6142150942225167
0.06344849033136085
0.03166014579801157
0.020244462660665517
0.04484347726929453
0.02637407736896916
0.05847275578505035
0.06285596338261261
0.35556702356686953
0.8070557274927982
0.8070557274927982
0.07768562846380175
0.07807646168419155
0.1235622127262679
0.08295193507109855
0.08295193507109855
0.0254507234234606
0.1235622127262679
0.05061867434834411
0.078594386815106
0.05090564127188442
0.22416933501922287
0.8801117367933934
0.037954847898457066
0.09080027618567452
0.09848320372827338
0.04205516508352109
0.020980574531482755
0.049900497019368314
0.05428210647032972
0.028289458031628013
0.04635551866221845
0.08171014300726602
0.09442944296079735
0.026052442434962204
0.9193227152249185
0.09287528999566796
0.028398387225677897
0.08295193507109855
0.07495553473355841
0.06542540885608186
0.09287528999566796
0.0379680177759557
0.101471040084519
0.08070022674930981
0.020980574531482755
0.09080027618567452
0.05039518688486959
0.018738883683389617
0.06178110636313397
0.07320696493449273
0.0379680177759557
0.08125165710854508
0.05439330544349821
0.012637829447572243
0.08116697886877475
0.04767707020457096
0.6786502681586726
0.018977423949228533
0.05816635421147513
0.0743187801450362
0.057737720665823
0.06542540885608186
0.037477767366779206
0.519087769811935
0.37684991644924193
1.0
0.09287528999566796
0.09837489905577816
0.057737720665823
0.0396825163954481
0.15685718045401453
0.019146030690102508
0.04515183688171632
0.037477767366779206
0.009427179820815307
0.06506124089578338
0.07474875887495341
0.12673718536830808
0.09223644101032531
0.8408964152537145
0.8408964152537145
0.020980574531482755
0.042790766678617365
0.15619699684601276
0.025540496664715903
0.034220976227266095
0.030266181377145762
0.12872632311973017
0.028265205879007455
0.050732163551227547
0.04735576781334084
0.532422158401508
0.02648568136290957
0.0403311308263466
0.026177801443623635
0.532422158401508
0.028398387225677897
0.05448844552389354
0.03882110458693121
0.04515183688171632
0.037477767366779206
0.04515183688171632
0.05816635421147513
0.03416211359799979
0.06837203339116285
0.049900497019368314
0.04814971807094068
0.015694957190569986
0.1641932816209669
0.0743187801450362
0.041961149062965476
0.043899270742871276
0.07738764559489539
0.04932351569489709
0.07495553473355841
0.07768562846380175
0.563257940009042
0.0471728363692704
0.04063257670723637
0.041961149062965476
0.09548450962056532
0.06608973813188644
0.24808415001701817
0.05108099332943181
0.6264058957410447
0.027611988917697356
0.012305311064153411
0.04484347726929453
0.06217116757317284
0.12498879161997976
0.05861955497706755
0.04955970694341068
0.08295193507109855
0.05439330544349821
0.09548450962056532
0.07495553473355841
0.7013967267997694
0.037477767366779206
0.29989100815640113
0.051285986908169635
0.018751197657869215
0.09469167282754097
0.01696678527382831
0.03732910952137788
0.05439330544349821
0.14991106946711685
0.519087769811935
0.12223075560872526
0.0260859600387516
0.07030417713400726
0.09746997877627238
0.0241596535992123
0.005554769776449328
0.22416933501922287
0.048312524369621634
0.015542791893293221
0.14025775160081475
0.07495553473355841
0.06837203339116285
0.519087769811935
0.02127770690998076
0.03136424045881038
0.026279617104084448
0.12586347848916266
0.2044800736021839
0.06840594582318651
0.027196652721749117
0.19081654556856684
0.09238430210261096
0.02286956778061902
0.040583489434387374
0.033864985683445356
0.016932492841722675
0.07593603555191142
0.708587641194393
0.018709718017288025
0.5133450480401704
0.5133450480401704
0.07635362674858093
0.10552670315936319
0.02383853510228548
0.02083728995486933
0.06150343144231885
0.04573913556123801
0.04753622060013115
0.09950381656434064
0.0734705312597788
0.027196652721749117
0.11868405219520975
0.05366912772746423
0.06150343144231885
0.09425159511373678
0.08737167851715878
0.4393983107600289
0.6389431042462724
0.747103615263168
0.054011574454540336
0.033864985683445356
0.09469167282754097
0.708587641194393
0.0321858262703621
0.024455939372403628
0.05439330544349821
0.10552670315936319
0.02786973068084291
0.024455939372403628
0.05816635421147516
0.22894156860669912
0.4393983107600289
0.04814971807094068
0.5193071778680676
0.021476912089159066
0.8663105150671037
0.06551842408522356
0.06837203339116285
1.0
0.5142401605028263
0.05795599612995367
0.025443542095316574
0.06754312828675708
0.06916141792551132
0.04767707020457096
0.04112982349983278
0.0370865905565703
0.08066974340737668
0.05816635421147516
0.014971158614143297
0.020315766105349124
0.041961149062965476
0.041961149062965476
0.9391044157537525
0.4546697236991713
0.033864985683445356
0.0367352656298894
0.09031247306005741
0.06722636787666479
0.02519759344243479
0.041961149062965476
0.7406375008540003
0.9391044157537525
0.03089055318156698
0.05108099332943181
0.028265205879007455
0.9391044157537525
0.017272237992167865
0.05470167147096254
0.6341922683775969
0.04935157841536379
0.8931539818068694
0.0734705312597788
0.7016035864257111
0.02200011591691211
0.31947155212313627
0.8091067115702212
0.07603985612048919
0.7016035864257111
0.019146030690102508
0.014199193612838947
0.07807646168419155
0.014333045747359384
0.6186906888517268
0.15844501337268932
0.7016035864257111
0.7016035864257111
0.5859059370151705
0.0734705312597788
0.04753622060013115
0.6828335704817795
0.3215350411986714
0.5838779546149977
0.09980099403873663
0.04753622060013115
0.04753622060013115
0.04753622060013115
0.04753622060013115
0.04753622060013115
0.023901021968803133
0.033864985683445356
0.21364350319811704
0.8371837576365552
0.033864985683445356
0.033864985683445356
0.010738456044579523
0.019146030690102508
0.021476912089159066
0.011510389467571911
0.04567211833282236
0.021476912089159066
0.04753622060013115
0.04753622060013115
0.04753622060013115
0.06837203339116285
0.05795599612995367
0.05751391809950023
0.01757423915684902
0.2493651438887133
0.05401123513017143
0.0688037070798893
0.029083177105737566
0.3706866381788037
0.0334950357084578
0.09238430210261096
0.03283637368030199
0.10489671869455933
0.09287528999566796
0.03089055318156698
0.015445276590783498
0.034220976227266095
0.05401123513017143
0.06837203339116285
0.009128462139364281
0.05401123513017143
0.028398387225677897
0.007910967275770701
0.0734705312597788
0.4111336169005197
0.031157290929555895
0.13950796967929133
0.05401123513017143
0.017110488113633058
0.03916449665002249
0.5401725898595141
0.3706866381788037
0.14550212536891413
0.06870636427700047
0.030098043843528283
0.04027248192421852
0.024455939372403628
0.06837203339116285
0.04515183688171632
0.0254507234234606
0.020980574531482755
0.0379680177759557
1.0
0.041961149062965476
0.6606328636027614
0.32559641262003014
0.4393983107600289
0.02273154356702287
0.4347208719449915
0.0734705312597788
0.024814312101255
0.05401123513017143
0.016701777430699286
0.04885299005952269
0.03367425136798257
0.018738883683389617
0.037954847898457066
0.35556702356686953
0.044568827606990644
0.046120504097214035
0.018830168484967
0.031251907639724415
0.026279617104084448
0.06837203339116285
0.056697911109760024
0.01744319569165376
0.5093498412990677
0.18014935004227972
0.015445276590783498
0.05401123513017143
0.028398387225677897
0.05406502668979586
0.07030417713400726
0.038292061380205016
0.020980574531482755
0.30126344037064623
0.08295193507109855
0.04065425428798724
0.003976388001785548
0.0929675796576443
0.02383853510228548
0.04776946190850105
0.018738883683389617
0.06054630691682828
0.058544976940240155
0.2521193618434983
0.08295193507109855
0.15727800941615358
0.14258769764520748
0.09238430210261096
0.021566939693939927
0.020244462660665517
0.31947155212313627
0.9193227152249185
0.1092329990819115
0.044568827606990644
0.044967337992734904
0.05265261421119587
0.044568827606990644
0.05448844552389354
0.050971039855229695
0.9193227152249185
0.021597011339333432
0.028127399371595342
0.037477767366779206
0.04027248192421852
0.010122231330332757
0.041961149062965476
0.08295193507109855
0.08295193507109855
0.04027248192421852
0.031251907639724415
0.19130147081392235
0.02383853510228548
0.044568827606990644
0.8907171682201394
0.06844195245453219
0.037477767366779206
0.2665429557589629
0.041961149062965476
0.031251907639724415
0.03582342119128718
0.041961149062965476
0.6591844162499148
0.044568827606990644
0.16830386789031854
0.03314288201886802
0.31947155212313627
0.4393983107600289
0.14258769764520748
0.06916141792551132
0.07768562846380175
0.037954847898457066
0.13292417883329388
0.01960062953647315
0.031251907639724415
0.018155431088372653
0.0930249631870456
1.0
0.5459709700160348
0.06315134024688128
0.026048484532717218
0.04027248192421852
0.037477767366779206
0.013139808552042212
0.031251907639724415
0.01958224832501124
0.2106976474226304
0.016932492841722675
0.020980574531482755
0.0416725164513856
0.031157290929555895
0.5356351359095469
0.033864985683445356
0.07495553473355841
0.23124463019346486
0.026549256363457792
0.15851165692617147
0.041961149062965476
0.05439330544349821
0.06837203339116285
0.021904167208616505
0.006207471707676466
0.09287528999566796
0.0734705312597788
0.03377156414337854
0.12600736402830257
