0.027611988917697356
0.013139808552042212
0.02139538333930869
0.027611988917697356
0.027611988917697356
0.027611988917697356
0.027611988917697356
0.03283637368030199
0.13134549472120793
1.0
0.05341087579952926
0.04027248192421852
0.018738883683389617
0.05522397783539471
0.056697911109760024
0.10600313379512592
0.027611988917697356
0.020980574531482755
0.028398387225677897
0.07986788803078405
0.029079340872079116
0.03283637368030199
0.02931251013275449
0.02139089632303349
0.03283637368030199
0.11591199225990734
0.03283637368030199
0.007022232384920213
0.05522397783539471
1.0
0.03283637368030199
7.517195964887862E-4
0.05876350803261633
0.018738883683389617
1.0
0.024367494694068095
0.018738883683389617
0.6431870218238024
0.04767707020457096
0.06220117374063391
0.034089919964838566
0.0208362582256928
0.24446151121745052
0.011246923682765546
0.016932492841722675
0.05660233915657915
0.016932492841722675
0.06567274736060397
0.02383853510228548
0.00915781944436709
0.07986788803078405
0.015445276590783498
0.11044795567078944
0.0241596535992123
0.027611988917697356
0.040583489434387374
0.02383853510228548
0.06220117374063391
0.041961149062965476
0.16451929399933107
0.02133165846478451
0.020980574531482755
0.056697911109760024
0.017272237992167865
0.028398387225677897
0.14323145079400493
0.01763751180315069
0.033864985683445356
0.01986957164755154
0.06870636427700047
0.021504238591261653
0.05522397783539471
0.6389431042462724
0.018738883683389617
0.015542791893293221
0.015445276590783498
0.010569482404431722
0.027611988917697356
0.004649197634792874
1.0
0.10682175159905853
0.866397551781362
0.6553609623522635
0.06567274736060397
0.033864985683445356
0.02133165846478451
0.040583489434387374
0.041961149062965476
0.41722614486115056
1.0
0.07986788803078405
0.06567274736060397
0.040583489434387374
0.008058772966335387
0.04767707020457096
0.04767707020457096
0.08051153633013375
0.24808415001701817
0.37991784282579627
0.028465126651392333
0.10682175159905853
0.06434818657591888
0.06567274736060397
0.018160849415439315
0.06220117374063391
0.016932492841722675
0.06413885305524152
0.027611988917697356
1.0
0.028398387225677897
0.10682175159905853
0.005593057954211756
0.011510389467571911
0.02139089632303349
0.6434588841607617
0.056697911109760024
0.040583489434387374
0.034353182138500235
0.02383853510228548
0.37991784282579627
0.014199193612838947
0.033864985683445356
0.08310415003234632
0.029083177105737566
0.02383853510228548
0.013139808552042212
0.03057230827292727
0.029079340872079116
0.05341087579952926
0.034353182138500235
0.07807646168419155
0.052559234208168874
0.034353182138500235
0.12605968092174913
0.028465126651392333
0.018738883683389617
0.11156508007421491
0.030718556915387486
0.010697691669654345
0.05522397783539471
0.02383853510228548
0.020980574531482755
0.04372912656590315
0.011246923682765546
0.027611988917697356
0.05341087579952926
0.12440234748126781
0.005105783260904824
0.040583489434387374
1.0790711576924288E-8
0.018738883683389617
0.04923026124015933
0.005913578458639753
0.037477767366779206
0.07986788803078405
0.040583489434387374
0.07986788803078405
0.018738883683389617
0.6803749333171202
0.040583489434387374
0.034353182138500235
0.053414136238197775
2.4209788076720657E-5
0.029079340872079116
0.018738883683389617
0.11044795567078944
0.13976396370981378
0.4272870063962341
0.06567274736060397
0.38260294162784475
0.032530620447891706
0.004321926918459305
0.015732934811145335
0.020998444584734318
0.027611988917697356
0.041961149062965476
0.02383853510228548
0.027611988917697356
0.016224821466016948
0.01222796968620182
0.041961149062965476
0.03227633361592567
0.004384731028894881
0.027611988917697356
0.040583489434387374
0.015331221168249275
0.018110197178625272
0.027611988917697356
0.03283637368030199
0.015821934551541402
0.02161788649631246
0.041961149062965476
0.01025270094846709
0.0379680177759557
0.0334950357084578
0.029381754016308166
0.05341087579952926
0.058544976940240155
0.03527502360630138
0.027757915716335905
0.034353182138500235
0.02399905349559606
0.028465126651392333
0.040583489434387374
0.05522397783539471
0.05341087579952926
0.03283637368030199
0.035802380724744266
0.040583489434387374
0.016932492841722675
0.049900497019368314
0.018738883683389617
0.040583489434387374
0.007022232384920213
0.012637829447572243
0.05954672553679791
0.020980574531482755
0.5169731539571706
0.05522397783539471
0.007869270985473822
0.10682175159905853
0.03283637368030199
0.805312203079627
0.015445276590783498
0.11598118436136108
0.007228376004244835
0.015445276590783498
0.05522397783539471
0.020980574531482755
0.06220117374063391
0.016604670898042337
0.037954847898457066
0.011246923682765546
0.12872632311973017
0.03089055318156698
0.08170609724417775
0.018738883683389617
0.03089055318156698
0.03377156414337854
0.11044795567078944
0.06285596338261261
0.03283637368030199
0.10552670315936319
0.013139808552042212
0.041961149062965476
0.044568827606990644
0.06567274736060397
0.017110488113633058
0.35355339059327373
0.025540496664715903
0.014199193612838947
0.018738883683389617
0.02133165846478451
0.020980574531482755
0.06772997136689071
0.0130429800193758
0.016932492841722675
0.12068076399341783
0.037477767366779206
0.016932492841722675
2.1255246500762245E-5
0.08310415003234632
0.018738883683389617
0.001459383946013153
0.04767707020457096
0.08392229812593097
0.018738883683389617
0.09287528999566796
0.020980574531482755
0.037477767366779206
0.0167475178542289
0.03283637368030199
0.7071067811865476
0.027611988917697356
0.08116697886877475
0.01849981860969758
0.0208362582256928
0.011246923682765546
0.13976396370981378
0.015445276590783498
0.805312203079627
0.01763751180315069
0.05061867434834411
0.015542791893293221
0.08295193507109855
0.015445276590783498
0.05341087579952926
0.018738883683389617
0.02649033711035787
0.04935157841536379
0.07986788803078405
0.02383853510228548
0.11044795567078944
0.026279617104084448
0.04767707020457096
0.04767707020457096
0.027611988917697356
0.05087641220727392
0.011614897408688967
0.027611988917697356
0.015445276590783498
0.02286956778061902
0.04767707020457096
0.02383853510228548
0.022491856490317246
0.027611988917697356
0.03283637368030199
0.11156508007421491
0.027611988917697356
0.7071067811865476
0.018738883683389617
0.005031649373920587
0.04767707020457096
0.024455939372403628
0.1413328873311171
0.027611988917697356
0.04027248192421852
0.03283637368030199
0.2259005009024612
0.015445276590783498
0.04767707020457096
0.02742341580995954
0.027611988917697356
0.03283637368030199
0.05522397783539471
0.03283637368030199
0.024367494694068095
0.06971729121692201
0.018738883683389617
0.06567274736060397
0.4630777161991027
0.03550932348642478
0.018738883683389617
0.041961149062965476
0.04513617516969123
0.017081056798999895
0.049900497019368314
0.010074736594413143
0.5169731539571706
0.02132081946882163
0.12223075560872526
0.024675789207681903
0.037477767366779206
0.11156508007421491
9.387032925101576E-4
0.016932492841722675
0.03057230827292727
0.020943469770777077
0.02383853510228548
1.0
0.02383853510228548
0.005820564441072186
0.028465126651392333
0.0367352656298894
0.035802380724744266
0.03882110458693121
0.057079690340587526
0.03089055318156698
0.016087046643979717
0.05522397783539471
0.06567274736060397
0.007952776003571096
0.014199193612838947
0.007870921666513668
0.08745825313180632
0.030569602392969023
0.07809849842300641
0.020980574531482755
1.0
0.041961149062965476
0.0334950357084578
0.015401555084618098
0.013643394208905169
0.020980574531482755
0.027611988917697356
0.024367494694068095
0.044568827606990644
0.001878312692764171
0.7102992180127422
0.018738883683389617
0.05522397783539471
0.08745825313180632
0.029079340872079116
0.11598118436136108
0.5
0.14794015674776453
0.04278179264606696
0.06770186228657868
0.0114347838903095
0.024893534183931972
0.033009717608852664
0.08310415003234632
0.03283637368030199
0.05522397783539471
0.0379680177759557
0.04372912656590315
0.03089055318156698
0.033864985683445356
0.04767707020457096
0.018738883683389617
0.018738883683389617
0.03283637368030199
0.011514383434815713
0.03283637368030199
0.09535414040914189
0.018738883683389617
0.037477767366779206
0.017657516777206863
0.017657516777206863
0.05341087579952926
0.005105783260904824
0.007718322034097671
0.041961149062965476
0.01047173488538854
0.0416725164513856
0.0410424993119494
0.013878957858167952
0.040583489434387374
0.37991784282579627
0.024615130620079664
0.010697691669654345
0.027611988917697356
0.014199193612838947
0.05341087579952926
0.06220117374063391
0.01222796968620182
0.018738883683389617
0.0167475178542289
0.15619699684601276
0.03772691894380681
0.005126350474233546
0.04767707020457096
0.1597357760615681
0.7071067811865476
0.03527502360630138
0.027611988917697356
0.0726788421210274
0.01509869171115925
0.015761706576336954
0.02931251013275449
0.09287528999566796
0.09535414040914189
0.037954847898457066
0.03377156414337854
0.06220117374063391
0.021476912089159066
0.037477767366779206
0.06567274736060397
0.03772691894380681
0.02365431383455901
0.01763751180315069
1.0
0.05522397783539471
0.04767707020457096
0.15777684932819508
7.81475073118011E-4
0.018738883683389617
0.05816635421147513
0.014199193612838947
0.005126350474233546
0.004514856899053214
0.02383853510228548
0.013139808552042212
0.09535414040914189
0.05341087579952926
0.029079340872079116
0.024367494694068095
0.04767707020457096
0.11044795567078944
0.07986788803078405
0.03283637368030199
0.05522397783539471
0.018543295278285157
0.012079826799606154
0.03283637368030199
0.06770186228657868
0.7916963878457504
0.02383853510228548
1.0
0.034015426186864386
0.018738883683389617
0.041961149062965476
0.0024118012379963885
0.003976388001785548
0.030569602392969023
0.021504238591261653
0.5873949094699213
0.42888194248035344
0.02139089632303349
0.037954847898457066
0.015445276590783498
0.041961149062965476
0.2259005009024612
0.026279617104084448
0.12440234748126781
0.1597357760615681
0.31947155212313627
0.017081056798999895
0.11386050660556932
0.35084396956386854
0.07986788803078405
0.008418013465838444
0.033864985683445356
0.15777684932819508
0.010211566521809648
0.027611988917697356
0.4111336169005197
0.018738883683389617
0.024893534183931972
0.014929831413909562
0.03283637368030199
0.675316032742297
0.016932492841722675
0.027611988917697356
0.03283637368030199
0.02383853510228548
4.93690004030094E-7
0.05522397783539469
0.020980574531482755
0.056697911109760024
0.08116697886877475
0.008239830525563232
0.08116697886877475
8.926124668793946E-4
0.03283637368030199
0.018543295278285157
0.11080315836233387
0.040583489434387374
0.027611988917697356
0.04767707020457096
0.022650001104152773
0.08116697886877475
0.029083177105737566
0.018738883683389617
0.019648763141608138
0.034353182138500235
0.027611988917697356
1.0
0.09287528999566796
0.025540496664715903
0.05341087579952926
0.00882875838860343
0.08532663385913801
0.0114347838903095
0.06220117374063391
0.014199193612838947
0.04767707020457096
0.11598118436136108
0.04372912656590315
0.010697691669654345
0.024617934274488044
0.002819880908565337
0.02133165846478451
0.04767707020457096
0.034353182138500235
0.040583489434387374
0.2136435031981171
0.020980574531482755
0.016932492841722675
0.06567274736060397
0.002020532963076328
0.034353182138500235
0.007870921666513668
0.033864985683445356
0.03239902355122618
0.3032653298563167
0.08116697886877475
0.19338531381761725
0.015445276590783498
0.044568827606990644
0.015445276590783498
1.0
0.041961149062965476
0.04844232281716619
0.05522397783539471
0.01226235504168822
0.009055098589312643
0.04799810699119213
0.3021375397356768
0.062183610425584915
0.018738883683389617
0.037477767366779206
0.14834636222628114
0.01509869171115925
0.027611988917697356
0.08723697147876526
0.022882533035912193
0.040583489434387374
0.056697911109760024
0.020980574531482755
0.04873498938813619
0.049900497019368314
0.049900497019368314
0.06567274736060397
0.08116697886877475
0.040583489434387374
0.03283637368030199
0.1152159099228654
0.040583489434387374
0.027611988917697356
0.07635362674858093
0.034585921141027376
0.044568827606990644
0.014199193612838947
1.0
0.024893534183931972
0.04873498938813619
0.3021375397356768
0.03772691894380681
0.13741272855400088
0.07986788803078405
0.08116697886877475
0.018738883683389617
0.04266709328925954
0.034353182138500235
0.07590969579691415
1.3768224674873579E-5
0.03217409328795944
0.49760938992507125
0.014199193612838947
0.3021375397356768
0.020980574531482755
0.11598118436136108
0.668740304976422
0.11598118436136108
0.03089055318156698
0.018977423949228533
1.0
0.0064958374044742275
0.027611988917697356
0.03283637368030199
0.033864985683445356
0.01908840668714524
0.037477767366779206
0.03283637368030199
0.018738883683389617
0.018543295278285157
0.007228376004244835
0.02383853510228548
0.016932492841722675
0.018543295278285157
0.033864985683445356
0.002910282220536093
0.04935157841536379
0.040583489434387374
0.05876350803261633
0.027611988917697356
0.033864985683445356
0.015542791893293221
0.7071067811865476
0.07270717733704592
0.08310415003234632
0.04767707020457096
0.027611988917697356
0.05522397783539471
0.018738883683389617
0.06567274736060397
0.02931251013275449
0.06567274736060397
0.0024118012379963885
0.03283637368030199
0.021590567826234357
0.05341087579952926
0.016932492841722675
0.020980574531482755
0.05954672553679791
0.03283637368030199
0.027611988917697356
0.05522397783539471
0.04635551866221845
0.04767707020457096
0.021537493400170526
0.002659170925018653
0.13134549472120793
1.0
0.03283637368030199
0.02383853510228548
0.016932492841722675
0.016932492841722675
0.043008477182523305
0.010122231330332757
1.0
0.027611988917697356
0.018738883683389617
0.02399905349559606
0.054424142191183196
0.01295111245998798
0.016932492841722675
1.0
0.020980574531482755
0.0241596535992123
0.02139089632303349
0.03283637368030199
0.06699007141691561
0.19070828081828378
0.040583489434387374
0.024615130620079664
0.017081056798999895
0.04372912656590315
0.04372912656590315
0.0208362582256928
0.028465126651392333
0.027611988917697356
0.03283637368030199
0.040583489434387374
0.005126350474233546
0.07495553473355841
0.04935157841536379
0.02133165846478451
0.03283637368030199
0.23263472697663287
0.03772691894380681
0.030266181377145762
0.027611988917697356
0.06413885305524152
0.040583489434387374
0.07175721159246834
0.035802380724744266
0.03089055318156698
0.024893534183931972
0.027611988917697356
0.052559234208168874
0.015445276590783498
0.016087046643979717
0.06870636427700047
0.029381754016308166
0.21558125124241434
0.040583489434387374
0.041961149062965476
0.04278179264606696
0.041961149062965476
0.041961149062965476
0.040583489434387374
0.05522397783539471
1.0
0.007869270985473822
0.05954672553679791
0.037202894341240265
0.06567274736060397
0.2626909894424158
0.04767707020457096
0.03057230827292727
0.12440234748126781
0.040583489434387374
1.0
0.02383853510228548
0.04767707020457096
0.009800314768236574
8.872520916507042E-4
0.05522397783539471
0.03283637368030199
0.08334503290277118
0.029381754016308166
0.020980574531482755
0.05522397783539471
0.01683602693167689
0.00863611899608393
1.0
0.04266709328925954
0.08745825313180632
0.02383853510228548
0.07160476144948855
0.02399905349559606
0.040583489434387374
0.016932492841722675
0.002659170925018653
0.02889161996354172
0.05693025330278466
0.0859907987296463
0.015401555084618098
0.03416211359799979
0.027611988917697356
0.04027248192421852
0.013139808552042212
1.0
0.02399905349559606
0.028398387225677897
0.01222796968620182
1.0
0.03089055318156698
0.029079340872079116
0.03283637368030199
0.03283637368030199
1.0
0.11598118436136108
0.020980574531482755
0.027611988917697356
0.029381754016308166
0.02383853510228548
0.039297526283216276
0.016932492841722675
0.020980574531482755
0.017386863385674488
0.02931251013275449
0.016932492841722675
0.016932492841722675
0.021906016114066472
1.0
0.11731175160263997
0.021476912089159066
0.0410424993119494
0.020980574531482755
0.02133165846478451
0.05522397783539471
0.037954847898457066
1.4044400323157705E-5
0.04767707020457096
0.044568827606990644
0.03283637368030199
0.017820934647025707
0.2259005009024612
0.01509869171115925
1.0
0.015445276590783498
0.04767707020457096
0.19070828081828378
0.020980574531482755
0.04515183688171632
0.02139089632303349
0.029381754016308166
0.008058772966335387
0.07986788803078405
0.06220117374063391
0.2626909894424158
0.018738883683389617
0.19505632433269743
0.004526870957721523
0.01098475607466579
0.011246923682765546
0.033864985683445356
0.2984745896009823
0.05522397783539471
0.013139808552042212
0.026279617104084448
0.04266709328925954
0.05341087579952926
0.02286956778061902
0.027611988917697356
4.71137143972137E-9
0.2259005009024612
0.027611988917697356
0.03283637368030199
0.02139089632303349
0.040583489434387374
0.015542791893293221
0.04844232281716619
0.05862502026550899
0.02383853510228548
0.014199193612838947
0.02133165846478451
0.027611988917697356
1.4688049193322928E-15
0.03283637368030199
0.08116697886877475
0.014929831413909562
0.027611988917697356
0.018543295278285157
0.018738883683389617
0.018155431088372653
0.037477767366779206
0.02931251013275449
0.04873498938813619
0.01960062953647315
0.03550932348642478
0.18393972058572117
0.017820934647025707
0.016932492841722675
0.004137511999313648
0.2259005009024612
0.005318341850037307
0.029381754016308166
0.11598118436136108
0.010738456044579523
0.049900497019368314
0.01811080099375393
0.11631736348831642
0.03283637368030199
0.02399905349559606
0.5593684915933074
0.04844232281716619
0.08116697886877475
0.05522397783539471
0.04576506607182439
0.018738883683389617
0.016087046643979717
0.07654112967106118
0.01509869171115925
0.009735361505804467
0.03089055318156698
0.06567274736060397
0.5410822690539396
0.05341087579952926
0.012239112014172727
0.11598118436136108
0.0156963464356626
0.04767707020457096
0.02786973068084291
1.0
0.03283637368030199
0.20556680845025987
0.024367494694068095
0.026279617104084448
0.19505632433269743
0.03283637368030199
0.05341087579952926
0.05522397783539471
0.027611988917697356
0.3081980909598119
0.16186478197091597
0.040583489434387374
0.02383853510228548
0.02735488212061132
1.0
0.033864985683445356
0.014265919394432253
0.04372912656590315
0.0254507234234606
0.017081056798999895
0.05341087579952926
0.05693025330278466
0.049900497019368314
1.0
0.019470723011608928
2.820893212548129E-4
0.011894251924133204
0.018738883683389617
0.039297526283216276
0.020980574531482755
0.01908840668714524
0.02383853510228548
0.056697911109760024
0.016932492841722675
0.18393972058572117
0.040583489434387374
0.02383853510228548
0.013967653161805973
0.05522397783539471
0.05693025330278466
0.061685854102812354
0.04278179264606696
0.041961149062965476
0.02931251013275449
0.015542791893293221
0.037477767366779206
0.7071067811865476
0.03089055318156698
0.018738883683389617
0.02133165846478451
0.03283637368030199
0.023028766869631404
0.05815868174415823
0.014971158614143297
0.16186478197091597
0.040583489434387374
0.03283637368030199
0.05604233375480576
0.02383853510228548
0.05954672553679791
0.001846432619570943
0.027611988917697356
0.05341087579952926
0.024615130620079664
0.10014525608798037
0.07986788803078405
0.04767707020457096
0.011524190727977791
0.004350967877375742
0.02383853510228548
0.005918093729486186
0.008887839864973848
0.035802380724744266
0.010860649951567705
0.0208362582256928
0.04767707020457096
0.027611988917697356
0.028465126651392333
1.0
0.034353182138500235
1.0
0.028398387225677897
0.011057717812699017
0.023901021968803133
0.08310415003234632
0.06220117374063391
0.041961149062965476
0.004985938711569524
0.010738456044579523
0.35556702356686953
0.027611988917697356
0.015445276590783498
0.04844232281716619
1.0
0.06567274736060397
0.041961149062965476
0.015445276590783498
0.12440234748126781
0.06567274736060397
0.029079340872079116
0.02383853510228548
0.13950796967929133
0.009055098589312643
0.5410822690539396
0.10552670315936319
0.015445276590783498
0.024615130620079664
0.05341087579952926
0.034353182138500235
0.014929831413909562
0.05073552004225952
0.04278179264606696
0.02399905349559606
0.02383853510228548
0.05341087579952926
0.06916271812933183
0.029079340872079116
0.028398387225677897
0.018738883683389617
0.018738883683389617
1.0
0.0208362582256928
0.04515183688171632
0.051416288865472046
0.018738883683389617
0.03057230827292727
0.027611988917697356
0.12600736402830257
0.0039670168611924085
0.08116697886877475
0.05862502026550899
0.09287528999566796
0.03283637368030199
1.0
0.03283637368030199
0.02383853510228548
0.024675789207681903
0.03283637368030199
0.05522397783539471
0.06870636427700047
0.018738883683389617
0.027611988917697356
0.11156508007421491
0.04767707020457096
0.020980574531482755
0.037954847898457066
0.0013819852475186207
0.0208362582256928
0.317023313852343
0.02383853510228548
0.5
0.03416211359799979
0.034353182138500235
0.09287528999566796
0.08310415003234632
0.056697911109760024
0.027611988917697356
0.2722230298303347
0.043008477182523305
0.040583489434387374
0.006283769629833745
0.029079340872079116
0.04100530090638893
0.03283637368030199
0.027611988917697356
0.3032653298563167
0.04372912656590315
0.03816485328625671
0.02383853510228548
0.019648763141608138
0.03377156414337854
0.040583489434387374
0.10682175159905853
0.12223075560872526
0.0416725164513856
0.18393972058572117
0.009711282555136248
0.026279617104084448
0.016087046643979717
0.02399905349559606
0.027611988917697356
1.0
0.04027248192421852
0.08310415003234632
0.017110488113633058
0.05522397783539471
0.00915781944436709
0.01898400888797787
0.0012393760883331792
0.018738883683389617
0.028465126651392333
0.18393972058572117
0.027611988917697356
0.03283637368030199
0.040583489434387374
0.05522397783539471
0.005639761817130674
0.03283637368030199
0.16186478197091597
0.018738883683389617
0.062494395809989875
0.2259005009024612
0.06870636427700047
0.040583489434387374
0.07495553473355841
0.015445276590783498
0.010418644977434674
0.02383853510228548
0.02383853510228548
0.0018858789477099952
0.027757915716335905
0.0334950357084578
0.12223075560872526
0.04266709328925954
0.02786973068084291
0.0114347838903095
0.02383853510228548
0.06567274736060397
0.12498879161997976
0.016932492841722675
0.05341087579952926
0.0033689734995427335
0.019146030690102508
0.06220117374063391
0.02383853510228548
0.05341087579952926
0.035802380724744266
0.011246923682765546
0.01898400888797787
0.392814650900513
0.03283637368030199
0.027611988917697356
0.06567274736060397
0.013139808552042212
0.020980574531482755
0.022882533035912193
0.041961149062965476
0.1270331870386537
0.0241596535992123
0.04266331692956902
0.03283637368030199
0.03283637368030199
0.03283637368030199
0.024455939372403628
0.05341087579952926
0.022622731066261243
0.024455939372403628
0.04844232281716619
0.016074772865287294
0.029859662827819124
0.11598118436136108
0.053001566897562975
0.03772691894380681
0.6479121525090147
0.05954672553679791
1.0
0.027611988917697356
0.027611988917697356
0.027611988917697356
0.06870636427700047
0.02383853510228548
0.001459383946013153
0.027611988917697356
1.0377486186365205E-4
0.010697691669654345
0.12549310621989482
0.18190371142855735
0.03283637368030199
0.2259005009024612
1.0
0.07545383788761362
0.037052472057637634
0.11156508007421491
0.018738883683389617
0.04767707020457096
0.016932492841722675
0.034353182138500235
0.02383853510228548
0.14535768424205484
0.08745825313180632
0.04767707020457096
0.03089055318156698
0.09287528999566796
0.017177441586169604
0.06567274736060397
0.020980574531482755
0.037477767366779206
0.056697911109760024
0.016087046643979717
0.02383853510228548
0.05522397783539471
0.04799810699119213
0.02383853510228548
0.027611988917697356
0.03283637368030199
0.036967197413021805
0.010418644977434674
0.05341087579952926
0.04767707020457096
0.0370865905565703
0.030569602392969023
0.04767707020457096
0.018977423949228533
1.0
0.09103526405546068
0.009298395269585749
0.06567274736060397
0.03283637368030199
0.5
0.026341919627252283
0.03283637368030199
0.06567274736060397
0.05341087579952926
0.02399905349559606
0.05341087579952926
0.17491650626361266
0.0021771450140035953
0.035802380724744266
0.02383853510228548
1.0
0.027611988917697356
0.027611988917697356
0.05868924818816534
0.017820934647025707
0.08116697886877475
0.016932492841722675
0.03283637368030199
0.034353182138500235
0.09770653288423854
0.14535768424205484
0.02383853510228548
1.0
1.2806835371715532E-8
0.018543295278285157
0.03214954573057458
0.04266709328925954
0.040583489434387374
0.040583489434387374
0.08310415003234632
0.06766764161830635
0.06870636427700047
0.03283637368030199
0.040583489434387374
0.017081056798999895
0.6389431042462724
0.037477767366779206
0.323729563941832
0.02139089632303349
0.05815868174415823
0.016087046643979717
0.027611988917697356
0.01573854197094764
0.04266709328925954
0.037477767366779206
0.020980574531482755
0.03715939007251811
0.015445276590783498
0.09782375748961449
0.04513617516969123
0.05522397783539471
0.016932492841722675
0.0313926928713252
0.1432095228989771
0.37991784282579627
0.010122231330332757
0.020980574531482755
0.03214954573057458
0.05341087579952926
0.040583489434387374
0.03214954573057458
0.012414943415352932
0.021504238591261653
0.020980574531482755
0.03283637368030199
0.07986788803078405
0.18360281349467963
0.04767707020457096
0.16186478197091597
0.024615130620079664
0.3302232277439296
0.04023185929567686
0.05522397783539471
0.034220976227266095
0.027611988917697356
0.004350967877375742
0.044568827606990644
0.007870921666513668
0.18995892141289814
0.027611988917697356
0.03283637368030199
0.2259005009024612
1.0
0.004137511999313648
0.040583489434387374
0.02399905349559606
0.006983826580902993
0.02383853510228548
0.5706745777055999
0.020980574531482755
0.03283637368030199
1.0
0.026279617104084448
0.02383853510228548
0.13134549472120793
0.04923026124015933
0.08392229812593097
0.04935157841536379
0.04935157841536379
0.018738883683389617
0.027611988917697356
0.010418644977434674
0.0056659154777004925
0.018738883683389617
0.01683602693167689
0.05341087579952926
0.16784459625186196
0.041961149062965476
0.03089055318156698
0.027611988917697356
0.05341087579952926
0.1566384057330969
0.05341087579952926
0.031085583786586417
0.029079340872079116
0.005136630090540242
0.021721299903135396
0.029859662827819124
0.0416725164513856
0.027611988917697356
0.024675789207681903
0.041961149062965476
0.16186478197091597
0.016932492841722675
0.040583489434387374
0.04767707020457096
0.028398387225677897
0.08116697886877475
0.01367744106030566
0.022882533035912193
2.765421850739168E-4
0.040583489434387374
0.05522397783539471
0.037477767366779206
0.04767707020457096
0.03089055318156698
0.015445276590783498
0.46199933699457096
0.08392229812593097
1.0
0.040583489434387374
0.01763751180315069
0.03283637368030199
1.0576115036277873E-4
0.668740304976422
0.02931251013275449
0.038261660656802664
0.2259005009024612
0.05522397783539471
0.024367494694068095
0.005437122993503428
0.0367352656298894
0.08295193507109855
0.020980574531482755
0.027611988917697356
0.021476912089159066
0.04844232281716619
0.029079340872079116
0.028398387225677897
0.04027248192421852
0.041961149062965476
0.05341087579952926
0.0367352656298894
0.05522397783539471
0.06699007141691557
0.05341087579952926
0.02383853510228548
0.040583489434387374
0.05341087579952926
0.010697691669654345
0.037477767366779206
1.0
0.7071067811865476
0.020943469770777077
0.15777684932819508
0.10682175159905853
0.015401555084618098
0.026341919627252283
0.05795599612995367
0.026341919627252283
0.1270331870386537
0.018543295278285157
0.027611988917697356
0.016087046643979717
0.05341087579952926
0.041961149062965476
1.0
0.07809849842300641
0.07809849842300641
0.7071067811865476
1.0
0.37991784282579627
0.03089055318156698
0.07986788803078405
0.5946035575013605
0.018738883683389617
0.2540663740773074
0.03283637368030199
0.029859662827819124
0.5
0.036967197413021805
0.05341087579952926
0.03283637368030199
0.01669427421904088
0.031247197904994937
0.04996872151825359
0.02383853510228548
0.024367494694068095
0.015445276590783498
0.02399905349559606
0.02383853510228548
1.0
0.04372912656590315
0.0370865905565703
0.08125165710854508
0.05630400552901077
0.020980574531482755
0.0167475178542289
0.05522397783539471
0.08745825313180632
0.057079690340587526
0.010783469846969963
0.04873498938813619
0.18393972058572117
0.05522397783539469
0.028398387225677897
0.09599621398238427
0.1353352832366127
0.02383853510228548
1.0
0.007952776003571096
1.0
0.041961149062965476
1.0
1.0
0.7071067811865476
0.08054496384843698
0.024675789207681903
0.041961149062965476
0.8408964152537145
0.013139808552042212
0.02383853510228548
0.035802380724744266
0.016932492841722675
0.01562359895249748
0.11731175160263997
0.2259005009024612
1.0
0.06971729121692201
0.020980574531482755
0.08913765521398126
0.03283637368030199
0.007549714872297866
0.020980574531482755
0.034220976227266095
1.0
0.01080894324815623
0.017386863385674488
0.027611988917697356
0.007869270985473822
0.037954847898457066
0.015445276590783498
0.05795599612995367
0.02931251013275449
0.02383853510228548
1.0
0.020980574531482755
0.10682175159905853
0.03283637368030199
0.033864985683445356
0.02383853510228548
0.033864985683445356
0.018543295278285157
0.04767707020457096
0.049900497019368314
0.024675789207681903
0.16186478197091597
0.013553186597469942
0.041961149062965476
0.035802380724744266
0.02931251013275449
0.19070828081828378
0.03089055318156698
0.018738883683389617
0.016932492841722675
0.07545383788761362
0.45622720708659226
0.008268217007907877
0.014199193612838947
0.04767707020457096
0.015401555084618098
0.015401555084618098
0.04844232281716619
0.026279617104084448
0.0019007116175329825
0.04844232281716619
0.028465126651392333
0.10682175159905853
0.034353182138500235
0.005918093729486186
0.08697972365316727
0.07809849842300641
0.04767707020457096
0.05522397783539471
0.040583489434387374
0.015542791893293221
0.06220117374063391
0.05862502026550899
8.872520916507042E-4
0.09688464563433238
0.04100530090638893
0.18393972058572117
0.04767707020457096
0.0114347838903095
0.014929831413909562
0.05954672553679791
0.040583489434387374
0.03283637368030199
0.027611988917697356
0.013967653161805973
0.05522397783539471
0.05815868174415823
0.018738883683389617
0.037477767366779206
0.029079340872079116
0.08310415003234632
1.0
1.0
0.013139808552042212
0.014199193612838947
0.029079340872079116
0.018738883683389617
0.02383853510228548
0.021504238591261653
0.18393972058572117
0.06766764161830635
1.0
0.01763751180315069
0.040583489434387374
0.009055400496876965
1.0
0.002819880908565337
0.04767707020457096
0.040583489434387374
0.7577395672414201
0.05341087579952926
0.17491650626361266
0.018738883683389617
0.024455939372403628
0.04372912656590315
0.027611988917697356
0.037477767366779206
0.06220117374063391
0.07768562846380175
0.08116697886877475
0.03057230827292727
0.11044795567078944
0.033864985683445356
0.009055400496876965
0.04844232281716619
0.02383853510228548
0.020980574531482755
0.02931251013275449
0.13741272855400088
0.04935157841536379
0.02383853510228548
0.07809849842300641
0.037477767366779206
0.029859662827819124
0.17286039232097053
0.05522397783539471
0.03377156414337854
0.02139089632303349
0.014199193612838947
0.11044795567078944
0.09535414040914189
0.02955926526467443
0.04935157841536379
0.03515208856700363
0.02383853510228548
0.02786973068084291
0.07986788803078405
0.07986788803078405
0.03283637368030199
0.02383853510228548
0.031251907639724415
0.04372912656590315
0.0056659154777004925
0.06766764161830635
0.020980574531482755
0.018738883683389617
0.09980099403873663
0.02383853510228548
0.0021771450140035953
0.015445276590783498
0.027611988917697356
0.06220117374063391
0.06567274736060397
0.03772691894380681
0.05341087579952926
0.028465126651392333
0.31947155212313627
0.03283637368030199
0.040583489434387374
0.027611988917697356
0.07986788803078405
0.04935157841536379
0.04372912656590315
0.027611988917697356
0.06220117374063391
0.027196652721749117
0.040583489434387374
0.040583489434387374
0.08310415003234632
0.06220117374063391
0.02648568136290957
0.040583489434387374
0.01222796968620182
0.03283637368030199
0.026279617104084448
0.044568827606990644
0.024455939372403628
0.08310415003234632
0.11752701606523268
0.06567274736060397
0.05862502026550899
0.10682175159905853
0.01080894324815623
0.03214954573057458
0.05341087579952926
0.03772691894380681
0.01898400888797787
0.013139808552042212
0.02383853510228548
0.03283637368030199
0.05341087579952926
0.05073552004225952
0.026279617104084448
0.01222796968620182
0.04372912656590315
0.03283637368030199
0.033864985683445356
0.040583489434387374
0.09599621398238427
0.02407485903547034
0.026279617104084448
0.019071414280313313
0.05341087579952926
0.021906016114066472
0.020980574531482755
0.02383853510228548
0.05341087579952926
0.03527502360630138
0.020980574531482755
0.13134549472120793
0.01898400888797787
0.017820934647025707
0.10252286118120933
0.033930265691828276
0.0208362582256928
0.005918093729486186
0.026279617104084448
0.026341919627252283
0.00882875838860343
0.018738883683389617
0.02383853510228548
0.03283637368030199
0.027611988917697356
1.0
0.05522397783539471
0.31947155212313627
0.03283637368030199
0.049900497019368314
0.044568827606990644
0.45782273986766686
0.0033689734995427335
0.05341087579952926
0.027611988917697356
0.028465126651392333
0.040583489434387374
0.06567274736060397
0.018977423949228533
0.0891376552139813
0.029079340872079116
0.07590969579691415
0.013878957858167952
0.02383853510228548
0.027611988917697356
0.11156508007421491
0.2136435031981171
0.007870921666513668
0.014199193612838947
0.42888194248035344
0.45180100180492244
0.027611988917697356
0.04027248192421852
0.041961149062965476
0.002124269490650393
0.01025270094846709
0.015445276590783498
0.02383853510228548
0.08116697886877475
0.02383853510228548
0.01898400888797787
0.07593603555191142
0.014929831413909562
0.014199193612838947
0.018738883683389617
0.03089055318156698
0.08116697886877475
0.06870636427700047
0.05341087579952926
0.028398387225677897
0.04767707020457096
0.03283637368030199
0.019648763141608138
0.06567274736060397
0.5410822690539396
0.014199193612838947
0.02431326188030181
0.04372912656590315
0.03283637368030199
0.018977423949228533
0.027611988917697356
0.03283637368030199
0.5
0.012976955971595585
3.817663819004394E-5
0.020128303461390603
0.03283637368030199
0.2427458858536617
0.019648763141608138
0.001076291192960631
0.06220117374063391
0.015445276590783498
1.0377486186365205E-4
0.026279617104084448
0.01509869171115925
0.06567274736060397
0.020980574531482755
0.058544976940240155
0.021590567826234357
0.02139089632303349
0.03283637368030199
0.08116697886877475
0.08116697886877475
0.041961149062965476
0.11598118436136108
0.037477767366779206
0.03283637368030199
0.08295193507109855
0.020980574531482755
0.027611988917697356
1.0
1.0
0.019120691686667225
1.0
0.013139808552042212
0.018543295278285157
0.08116697886877475
0.04372912656590315
0.5410822690539396
0.03089055318156698
0.16451929399933107
0.024367494694068095
0.007934033722384819
0.0017824955768751362
0.020980574531482755
0.041961149062965476
0.041961149062965476
0.02383853510228548
1.4039360358397666E-4
0.21200626759025185
0.05341087579952926
0.020980574531482755
0.021476912089159066
0.022882533035912193
0.02383853510228548
0.016932492841722675
0.024675789207681903
3.817663819004394E-5
0.004845325335928309
0.09535414040914189
0.012637829447572243
0.5946035575013605
0.02133165846478451
1.0
0.021566939693939927
0.033864985683445356
0.41722614486115056
0.08310415003234632
0.035802380724744266
0.02383853510228548
0.004845325335928309
2.801398218768634E-9
0.013934865340421458
0.08116697886877475
0.0023896850342985314
0.08745825313180632
0.05341087579952926
0.02383853510228548
0.011246923682765546
0.02931251013275449
0.05341087579952926
0.021504238591261653
0.0367352656298894
0.041961149062965476
0.020998444584734318
0.024615130620079664
0.021906016114066472
0.07986788803078405
0.034353182138500235
0.11598118436136108
0.0208362582256928
0.02383853510228548
0.04642454187453896
0.02931251013275449
0.04266709328925954
0.45180100180492244
0.015330462064343475
0.005774363155184915
0.024893534183931972
0.05341087579952926
0.019648763141608138
0.019648763141608138
0.017820934647025707
1.0
0.02399905349559606
0.022882533035912193
0.056697911109760024
0.13950796967929133
0.056697911109760024
0.024367494694068095
0.04278179264606696
0.04372912656590315
0.018738883683389617
0.04372912656590315
0.03283637368030199
0.027611988917697356
0.10682175159905853
0.05341087579952926
0.040583489434387374
0.08116697886877475
2.765421850739168E-4
0.05693025330278466
0.04372912656590315
0.016932492841722675
0.056697911109760024
0.01908840668714524
1.0576115036277873E-4
0.24446151121745052
0.040583489434387374
1.0
0.033864985683445356
0.044568827606990644
0.02139089632303349
0.0208362582256928
0.05954672553679791
0.007870921666513668
0.020980574531482755
0.07160476144948855
0.06567274736060397
0.11598118436136108
0.037477767366779206
0.034353182138500235
0.020980574531482755
0.01317095981362614
0.02931251013275449
0.05522397783539471
0.05341087579952926
0.0410424993119494
0.013878957858167952
0.02378850384826639
0.017272237992167865
0.05341087579952926
0.02931251013275449
0.028465126651392333
0.04767707020457096
0.011246923682765546
0.0032977817961883623
0.013934865340421458
0.027611988917697356
0.037954847898457066
0.01908840668714524
0.039297526283216276
0.04372912656590315
0.024615130620079664
0.020980574531482755
0.002509562118626863
0.03283637368030199
0.02383853510228548
0.005554498269121153
0.03435488317233918
0.03057230827292727
0.02383853510228548
0.02383853510228548
0.040583489434387374
0.05341087579952926
0.020980574531482755
0.23643540225079396
0.010738456044579523
0.014199193612838947
0.03635358866852297
0.03283637368030199
0.008418013465838444
0.11598118436136108
0.024367494694068095
0.040583489434387374
0.021504238591261653
0.016932492841722675
0.008418013465838444
0.016932492841722675
0.002084373819661083
0.05341087579952926
0.026279617104084448
0.04372912656590315
0.08310415003234632
0.011246923682765546
0.016932492841722675
0.016087046643979717
0.01908840668714524
0.016151720297612714
0.01811080099375393
0.02786973068084291
0.027611988917697356
0.03817681337429048
0.024893534183931972
0.16186478197091597
0.018738883683389617
0.020980574531482755
0.020980574531482755
0.027611988917697356
0.05876350803261633
0.04266331692956902
0.016932492841722675
0.010738456044579523
0.18393972058572117
0.027611988917697356
0.021504238591261653
0.02595391194319116
0.08310415003234632
5.888394700380497E-4
0.028465126651392333
0.03283637368030199
0.03416211359799979
0.03283637368030199
0.011499609862079688
0.020943469770777077
0.015050289697950688
0.05522397783539471
0.020980574531482755
0.05087641220727392
0.02383853510228548
0.040583489434387374
0.10682175159905853
0.020980574531482755
0.020980574531482755
0.040583489434387374
0.0033395049215085818
0.015401555084618098
0.0017824955768751362
0.008769706971774593
0.021504238591261653
0.016932492841722675
0.015445276590783498
0.021721299903135396
0.11598118436136108
0.016932492841722675
0.012079826799606154
0.04767707020457096
0.010738456044579523
0.04844232281716619
0.04278179264606696
0.02133165846478451
0.029859662827819124
0.008769706971774593
0.056697911109760024
0.14258769764520748
2.820893212548129E-4
0.016932492841722675
0.018738883683389617
0.016087046643979717
0.026279617104084448
0.027611988917697356
0.033864985683445356
0.08116697886877475
0.04278179264606696
0.040583489434387374
0.027611988917697356
0.2259005009024612
0.041961149062965476
0.01908840668714524
0.004845325335928309
0.016932492841722675
0.008530065048427224
0.08116697886877475
0.02399905349559606
0.018738883683389617
0.006193628179172647
0.027611988917697356
0.016932492841722675
0.0015221056021476422
0.004773955310936996
0.0043542900280071906
0.013878957858167952
0.021906016114066472
0.041961149062965476
0.041961149062965476
0.040583489434387374
0.034353182138500235
0.08310415003234632
0.040583489434387374
0.015445276590783498
0.029381754016308166
0.018738883683389617
0.037477767366779206
0.03283637368030199
0.006821697104452585
0.035802380724744266
2.765421850739168E-4
0.018738883683389617
0.040583489434387374
0.2259005009024612
0.018738883683389617
0.013139808552042212
0.017110488113633058
0.005774363155184915
0.06567274736060397
0.013139808552042212
0.014044464769840425
0.034353182138500235
0.028465126651392333
0.028465126651392333
0.035802380724744266
1.0
0.06772997136689071
0.016074772865287294
0.014199193612838947
0.023309208103306354
1.0
0.07160476144948855
0.026279617104084448
0.028398387225677897
0.3032653298563167
0.015445276590783498
0.03283637368030199
0.015284801196484512
0.02955926526467443
0.009055098589312643
0.018543295278285157
0.01222796968620182
0.05954672553679791
0.03283637368030199
0.016932492841722675
1.0
0.05341087579952926
3.481258787100087E-8
0.09535414040914189
0.024675789207681903
0.08310415003234632
0.01509869171115925
0.037477767366779206
0.0410424993119494
0.020980574531482755
0.04844232281716619
0.041961149062965476
0.03283637368030199
0.16186478197091597
0.0114347838903095
0.027611988917697356
0.037477767366779206
0.05341087579952926
0.03817681337429048
0.005774363155184915
0.08310415003234632
0.002386977655468498
0.008964300330801856
0.027611988917697356
0.027611988917697356
0.07160476144948855
0.02407485903547034
0.016087046643979717
0.17866908637482337
0.08116697886877475
0.01367744106030566
0.08310415003234632
0.08745825313180632
0.05341087579952926
0.11598118436136108
0.08116697886877475
0.04844232281716619
0.024675789207681903
0.016932492841722675
0.022882533035912193
0.05522397783539471
0.003976388001785548
0.04186576731652839
0.2259005009024612
0.03283637368030199
0.015445276590783498
0.04372912656590315
3.817663819004394E-5
0.0033689734995427335
0.02383853510228548
0.017928600661603712
0.018738883683389617
0.05341087579952926
0.6872892787909722
0.027611988917697356
0.04372912656590315
0.02931251013275449
0.04767707020457096
0.028465126651392333
0.0370865905565703
0.03283637368030199
0.05341087579952926
0.03515208856700363
0.07986788803078405
0.04167457990973867
0.6389431042462724
0.05522397783539471
0.018738883683389617
0.03214954573057458
0.01317095981362614
0.08116697886877475
0.09652434877402245
0.014929831413909562
0.029079340872079116
0.041961149062965476
0.03377156414337854
0.013139808552042212
0.027611988917697356
0.028465126651392333
0.015445276590783498
0.03283637368030199
0.0370865905565703
0.020980574531482755
0.03344930345922425
0.03344930345922425
0.03772691894380681
0.02133165846478451
0.015445276590783498
0.016932492841722675
0.02383853510228548
0.008530065048427224
0.02383853510228548
0.034089919964838566
0.09287528999566796
0.010738456044579523
0.06567274736060397
0.09535414040914189
0.028465126651392333
0.006488477985797793
0.020244462660665517
0.02383853510228548
0.040488925321331
0.037477767366779206
0.03377156414337854
0.03823246852690465
0.014199193612838947
0.014199193612838947
0.01222796968620182
0.040583489434387374
0.013111910958201224
0.027611988917697356
0.027611988917697356
0.018738883683389617
0.11044795567078944
0.14166675290415534
0.014199193612838947
0.021906016114066472
0.10682175159905853
0.02133165846478451
0.02139089632303349
0.037477767366779206
0.03030756162746321
0.040583489434387374
0.04767707020457096
0.040583489434387374
0.04767707020457096
0.014063699685797683
0.16233395773754944
0.026341919627252283
0.02133165846478451
0.03527502360630138
0.027611988917697356
0.8408964152537145
0.06113920478593803
0.13950796967929133
0.048808698060511475
0.027196652721749117
0.039297526283216276
0.04027248192421852
0.02383853510228548
0.04065425428798724
0.04027248192421852
0.016932492841722675
0.014199193612838947
0.02383853510228548
0.02477985347170534
0.05341087579952926
0.020980574531482755
0.026279617104084448
0.031251907639724415
0.06742555929751845
0.019146030690102508
0.040583489434387374
0.05522397783539471
0.041961149062965476
0.021906016114066472
0.0734705312597788
0.06220117374063391
0.040583489434387374
0.07986788803078405
0.015445276590783498
0.02383853510228548
0.004773955310936996
0.018977423949228533
0.020980574531482755
0.044808361601213584
0.044808361601213584
0.040583489434387374
0.05522397783539471
0.041961149062965476
0.0167475178542289
0.02786973068084291
0.016074772865287294
0.04266331692956902
0.02383853510228548
0.021504238591261653
0.016074772865287294
0.016932492841722675
0.018738883683389617
0.027611988917697356
0.0241596535992123
1.0
0.05816635421147513
0.035802380724744266
0.04923026124015933
0.04923026124015933
0.2984745896009823
0.006555955479100612
0.02383853510228548
0.24808415001701817
0.020980574531482755
0.26269098944241576
0.10552670315936319
0.015445276590783498
0.016932492841722675
0.03283637368030199
0.040583489434387374
0.04935157841536379
0.06220117374063391
0.10682175159905853
0.012637829447572243
0.028403891990720458
0.06567274736060397
0.002964656895382989
0.015284801196484512
0.037477767366779206
0.016932492841722675
0.06567274736060397
0.027611988917697356
0.05551583143267182
0.020483489079410902
0.3655552228545123
0.0370865905565703
0.013139808552042212
0.06772997136689071
0.05522397783539471
0.027611988917697356
0.04266331692956902
0.04873498938813619
2.412345437644059E-4
0.05522397783539471
0.06770186228657868
1.0
0.11386050660556932
0.020244462660665517
0.05876350803261633
0.018738883683389617
0.04844232281716619
0.034353182138500235
0.028465126651392333
0.02133165846478451
0.06274655310994738
0.034353182138500235
0.05876350803261633
0.0334950357084578
0.035641869294051415
0.03283637368030199
0.037477767366779206
0.018738883683389617
0.0114347838903095
0.020980574531482755
0.011827156917279504
0.07964191616699294
0.03377156414337854
0.0188543596416306
0.04767707020457096
0.005554498269121153
0.03817681337429048
0.15512258520268649
0.0241596535992123
0.021906016114066472
0.026279617104084448
0.2259005009024612
0.02519759344243479
0.09746997877627238
0.4824572994959539
0.021116374942992202
0.05341087579952926
0.018543295278285157
0.23356898886410005
0.08257910795034516
0.20556680845025987
0.056697911109760024
0.034353182138500235
0.02133165846478451
0.05522397783539471
0.037477767366779206
0.018738883683389617
0.027611988917697356
0.03283637368030199
0.016932492841722675
0.027611988917697356
0.01908840668714524
0.024615130620079664
0.04923026124015933
0.020980574531482755
0.02383853510228548
0.18207052811092136
0.043008477182523305
0.02276859592073037
0.03314288201886802
0.13976396370981378
0.05341087579952926
1.0
0.03772691894380681
0.022882533035912193
0.05795599612995367
0.03283637368030199
0.24446151121745052
0.03377156414337854
0.020980574531482755
0.004443919932486925
0.014779632632337215
0.056697911109760024
0.035641869294051415
0.2259005009024612
0.37991784282579627
0.0039670168611924085
0.11044795567078944
0.005774363155184915
0.018738883683389617
0.016932492841722675
0.04372912656590315
0.04844232281716619
0.05522397783539471
0.05522397783539471
0.03214954573057458
0.04069582841180383
0.0241596535992123
1.0
1.0
0.040583489434387374
0.020980574531482755
0.05341087579952926
0.8931539818068694
0.037477767366779206
0.05073552004225952
0.0037960378087611287
0.02383853510228548
0.014199193612838947
0.003198134793023071
0.05341087579952926
0.016932492841722675
0.016932492841722675
0.01763751180315069
0.01763751180315069
0.040161384364076534
0.018160849415439315
0.6389431042462724
0.04408194605881708
0.04278179264606696
0.028398387225677897
0.02133165846478451
0.03283637368030199
0.03089055318156698
0.015542791893293221
0.005913578458639753
0.07986788803078405
0.04767707020457096
0.1597357760615681
0.09688464563433238
0.0370865905565703
0.020315766105349124
0.02383853510228548
0.016932492841722675
0.014199193612838947
0.016932492841722675
0.020980574531482755
0.034353182138500235
1.0
1.0
0.04799810699119213
0.8290291181804004
0.01222796968620182
1.0
0.03089055318156698
0.028398387225677897
0.028398387225677897
0.020980574531482755
0.034353182138500235
0.020980574531482755
0.009690650671856618
0.3976353643835253
0.040583489434387374
0.03283637368030199
0.040583489434387374
0.05522397783539469
0.01562359895249748
0.04027248192421852
0.00440254073217817
0.040583489434387374
0.6389431042462724
0.07986788803078405
0.03089055318156698
0.11498759556447223
0.037477767366779206
0.08116697886877475
0.043008477182523305
0.03435488317233918
0.04844232281716619
0.03283637368030199
0.014199193612838947
0.01222796968620182
0.018543295278285157
0.05522397783539471
0.029381754016308166
0.029079340872079116
0.031247197904994937
0.03089055318156698
0.019648763141608138
0.040583489434387374
0.16233395773754944
0.08556358529213393
0.020980574531482755
0.0254507234234606
0.05522397783539471
0.02477985347170534
0.027196652721749117
0.040583489434387374
1.0
0.024615130620079664
0.07492442692259767
1.0
0.001076291192960631
0.06567274736060397
0.022882533035912193
0.012976955971595585
0.037477767366779206
0.02383853510228548
0.02383853510228548
0.05522397783539471
0.020244462660665517
0.012513575976832112
0.003976388001785548
0.03817681337429048
0.12440234748126781
0.15207218222740096
0.03635358866852297
0.041961149062965476
0.04266331692956902
0.040583489434387374
0.033864985683445356
0.02383853510228548
0.02383853510228548
0.02383853510228548
0.06870636427700047
0.020980574531482755
0.019833734500134766
0.0416725164513856
0.10682175159905853
0.05341087579952926
0.015821934551541402
0.005554498269121153
0.03283637368030199
0.040625828554272554
0.06285596338261261
0.05341087579952926
0.06837203339116285
0.018738883683389617
0.17242221289766627
0.018738883683389617
0.028398387225677897
0.035802380724744266
0.037477767366779206
0.02383853510228548
0.03283637368030199
0.034220976227266095
0.06567274736060397
0.06285596338261261
0.016932492841722675
0.020980574531482755
1.0
0.02383853510228548
0.035641869294051415
0.028398387225677897
0.02139089632303349
0.020980574531482755
0.05522397783539471
0.005105783260904824
0.010738456044579523
0.037477767366779206
0.020980574531482755
0.11598118436136108
0.018738883683389617
0.050243511979240846
0.009055098589312643
1.0
0.10682175159905853
0.027611988917697356
0.04844232281716619
0.02028802809405136
0.044568827606990644
0.03377156414337854
0.0321858262703621
0.0043542900280071906
0.01222796968620182
0.09805567361279174
0.014199193612838947
0.08310415003234632
0.017081056798999895
0.010418644977434674
0.07635362674858093
0.04767707020457096
0.027611988917697356
0.013139808552042212
0.00882875838860343
0.019833734500134766
0.024615130620079664
0.03283637368030199
0.06567274736060397
0.018738883683389617
0.010122231330332757
0.026279617104084448
0.027611988917697356
0.028398387225677897
0.020980574531482755
0.015445276590783498
0.014779632632337215
0.049900497019368314
0.026341919627252283
0.015542791893293221
0.027611988917697356
0.7930768575826375
0.03515208856700363
0.027611988917697356
0.02383853510228548
0.016932492841722675
0.02383853510228548
0.044568827606990644
0.022882533035912193
0.11598118436136108
0.024367494694068095
0.027611988917697356
0.024615130620079664
0.05954672553679791
0.02383853510228548
1.0
0.07545383788761362
0.025275658895144486
1.0
0.005105783260904824
1.0
0.029079340872079116
0.02931251013275449
0.2136435031981171
0.00616106750922248
0.02383853510228548
0.025275658895144486
0.03283637368030199
0.018738883683389617
0.04515183688171632
0.020980574531482755
0.005913578458639753
0.033864985683445356
0.02399905349559606
0.03283637368030199
0.013139808552042212
0.018543295278285157
0.013139808552042212
0.003935460833256834
0.04799810699119213
0.041961149062965476
0.0021412659938840044
0.02383853510228548
0.02190407726635374
0.01256753925966749
0.020980574531482755
0.04573913556123801
1.0
1.0
0.16784459625186196
0.0379680177759557
0.03416211359799979
0.026757454896417534
0.03817681337429048
1.0
0.01222796968620182
1.0576115036277873E-4
0.005554498269121153
0.7916963878457504
1.0
0.08392229812593097
0.044568827606990644
0.0379680177759557
1.0
0.014456752008489672
0.033864985683445356
0.008418013465838444
1.0
0.2044800736021839
0.040583489434387374
0.037477767366779206
0.018738883683389617
0.02378850384826639
0.01222796968620182
0.03283637368030199
0.028398387225677897
0.11598118436136108
0.020980574531482755
0.020980574531482755
0.0039670168611924085
0.0016348267813739235
0.012589193610827863
0.006193628179172647
0.016932492841722675
0.03983253478176823
0.05522397783539471
0.03772691894380681
0.024367494694068095
0.03283637368030199
0.2626909894424158
0.037477767366779206
0.040583489434387374
0.01232213501844496
0.1152159099228654
0.0379680177759557
0.04372912656590315
0.035992758237664596
1.0
0.10682175159905853
0.041961149062965476
0.02383853510228548
0.02383853510228548
0.02383853510228548
0.04844232281716619
0.027611988917697356
0.7577395672414201
0.04767707020457096
0.01763751180315069
0.03283637368030199
0.021721299903135396
0.014064939156282435
0.017386863385674488
0.040583489434387374
0.001756240011964942
0.05954672553679791
1.0
0.08643019616048525
0.09911450612811139
0.015284801196484512
0.04767707020457096
0.2259005009024612
0.06567274736060397
0.09599621398238427
0.03217409328795944
0.033864985683445356
0.026052442434962204
0.011162587251841757
0.009800314768236574
0.02383853510228548
0.015445276590783498
0.020244462660665517
0.04410363736106613
0.06567274736060397
0.028465126651392333
0.027611988917697356
0.05522397783539471
0.014199193612838947
0.020980574531482755
0.018738883683389617
0.3376459109063278
0.05341087579952926
0.08116697886877475
0.018738883683389617
0.0011392542366888657
0.021597011339333432
0.01302622121748111
0.016932492841722675
0.09688464563433238
0.03283637368030199
0.031251907639724415
0.03283637368030199
0.01639595539372607
0.028465126651392333
0.028398387225677897
0.07986788803078405
0.018738883683389617
0.1371269342812163
0.014199193612838947
0.03283637368030199
0.03684138084561721
0.015542791893293221
0.031251907639724415
0.026341919627252283
0.22089591134157885
0.018738883683389617
0.04767707020457096
0.028465126651392333
0.04767707020457096
0.02383853510228548
0.06567274736060397
0.011514383434815713
0.05522397783539471
0.007847478595284993
0.04372912656590315
0.03283637368030199
1.0
0.027611988917697356
0.01763751180315069
0.05522397783539471
0.06220117374063391
0.02133165846478451
0.05522397783539471
0.014199193612838947
0.027611988917697356
0.027611988917697356
0.01222796968620182
0.02139089632303349
0.009427179820815307
0.01222796968620182
0.027611988917697356
0.004845325335928309
0.014199193612838947
0.0024118012379963885
0.07986788803078405
0.021476912089159066
0.03283637368030199
0.018738883683389617
0.033864985683445356
0.020980574531482755
1.0
0.014199193612838947
0.024455939372403628
0.11598118436136108
0.0064335654798045845
0.0156963464356626
0.010122231330332757
0.028398387225677897
0.05341087579952926
0.020980574531482755
0.056697911109760024
0.02399905349559606
0.05522397783539471
0.08116697886877475
0.16620830006469267
1.0
0.04372912656590315
1.0
0.01047173488538854
0.035802380724744266
0.04194930905450255
0.021906016114066472
0.005639761817130674
0.020980574531482755
0.018977423949228533
0.03283637368030199
0.020980574531482755
0.026279617104084448
0.007228376004244835
0.05522397783539469
0.017110488113633058
0.010418644977434674
0.020980574531482755
0.030981749906855878
0.024675789207681903
0.05522397783539471
0.12605968092174913
0.17965205598154216
1.0
0.03283637368030199
0.027611988917697356
0.6407117598241613
0.021504238591261653
0.15619699684601276
0.01222796968620182
0.026279617104084448
0.019648763141608138
0.034089919964838566
0.12872632311973017
0.0029187678920263066
0.020244462660665517
0.0370865905565703
0.026279617104084448
0.005529132673596237
0.014157271808812651
0.021052823456422738
0.037477767366779206
0.06567274736060397
0.024367494694068095
0.5900468726392808
0.037477767366779206
0.22416933501922287
0.033864985683445356
0.02399905349559606
0.013902193611199336
0.016932492841722675
0.038261660656802664
0.01960062953647315
1.0
0.022882533035912193
0.04767707020457096
0.04844232281716619
0.02955926526467443
0.04932351569489709
0.16233395773754944
0.01222796968620182
0.05341087579952926
0.02931251013275449
0.0011392542366888657
0.03029704891446693
0.027611988917697356
0.08051153633013375
0.016932492841722675
0.027611988917697356
0.016074772865287294
0.027611988917697356
0.10682175159905853
0.04767707020457096
0.05522397783539471
0.03214954573057458
0.00616106750922248
0.010157883052674562
0.027611988917697356
0.07108322953826925
0.016932492841722675
0.041961149062965476
0.04767707020457096
0.020943469770777077
0.020980574531482755
0.04844232281716619
0.03283637368030199
0.041961149062965476
0.034353182138500235
1.0
0.020980574531482755
0.06870976634467837
0.037954847898457066
0.02931251013275449
0.013139808552042212
0.4111336169005197
0.016932492841722675
0.03283637368030199
0.05341087579952926
0.029859662827819124
0.027611988917697356
0.014199193612838947
0.09083570800877326
0.020980574531482755
0.02383853510228548
0.044568827606990644
0.013139808552042212
0.04690733795095048
0.016074772865287294
0.08745825313180632
0.02383853510228548
0.006193628179172647
0.08462236332847392
1.0
1.0
0.06567274736060397
1.0
1.0
0.041961149062965476
0.02383853510228548
0.04873498938813619
0.0208362582256928
0.22089591134157885
0.020980574531482755
0.03283637368030199
0.04515183688171632
0.009055400496876965
0.041961149062965476
0.07073666451977358
0.10552670315936319
