0.034353182138500235
1.0
0.07986788803078405
0.04844232281716619
0.05522397783539471
0.029381754016308166
0.03283637368030199
0.2626909894424158
0.02383853510228548
0.02383853510228548
0.6786502681586726
0.49760938992507125
0.19304869754804482
0.040583489434387374
0.05522397783539471
0.6580370064762462
0.03283637368030199
0.024893534183931972
0.07986788803078405
0.03283637368030199
0.026341919627252283
0.07986788803078405
0.024615130620079664
0.11598118436136108
0.026398002900658198
0.03283637368030199
0.11598118436136108
0.05341087579952926
0.19304869754804482
0.034353182138500235
0.05522397783539471
0.033864985683445356
0.06220117374063391
0.05693025330278466
0.08310415003234632
0.42888194248035344
0.07986788803078405
1.0
0.07986788803078405
0.06567274736060397
0.014779632632337215
0.08310415003234632
0.19304869754804482
0.041961149062965476
0.05341087579952926
1.4044400323157705E-5
7.667982759693039E-4
0.01509869171115925
0.07986788803078405
0.18393972058572117
0.0208362582256928
0.5
0.30934850332660563
0.015445276590783498
0.010738456044579523
0.18393972058572117
1.0
0.02931251013275449
0.027611988917697356
0.014063699685797683
0.007934033722384819
0.2626909894424158
1.0
0.03772691894380681
0.3032653298563167
0.49760938992507125
0.537284965911771
0.021906016114066472
0.026279617104084448
0.01683602693167689
0.024675789207681903
0.027611988917697356
0.03283637368030199
0.044568827606990644
0.16186478197091597
0.07270717733704592
0.013878957858167952
0.041961149062965476
0.08310415003234632
0.1270331870386537
0.05431360807863859
0.2626909894424158
0.09688464563433238
0.027611988917697356
0.18190371142855735
0.0020433857192320333
0.013878957858167952
0.07986788803078405
0.03527502360630138
0.05815868174415823
0.0410424993119494
0.07986788803078405
0.45180100180492244
0.049557253064055715
0.037954847898457066
0.0321858262703621
0.05522397783539471
0.020980574531482755
0.04923026124015933
0.2626909894424158
1.0
0.050243511979240846
0.026279617104084448
0.06220117374063391
0.37991784282579627
0.01763751180315069
0.04873498938813619
0.1597357760615681
0.017820934647025707
0.11868405219520975
0.010157883052674562
0.10014525608798037
0.37991784282579627
0.13976396370981378
0.19304869754804482
0.2259005009024612
0.027611988917697356
0.10536767850900912
0.43361890903486755
0.019833734500134766
0.021906016114066472
1.0377486186365205E-4
0.016932492841722675
0.08549161846379198
0.01080894324815623
0.07809849842300641
0.04673289785800724
0.1369904841547451
0.020980574531482755
0.08170609724417775
0.05274815473793832
0.2259005009024612
0.021597011339333432
0.09652434877402245
0.2601300475114445
0.03283637368030199
0.08310415003234632
0.09223644101032531
0.017177441586169604
0.040583489434387374
0.03283637368030199
0.18190371142855735
0.6389431042462724
0.08310415003234632
0.03283637368030199
0.09652434877402245
0.31947155212313627
0.6389431042462724
0.021906016114066472
0.6389431042462724
0.2259005009024612
0.05095335964988338
0.024367494694068095
0.02383853510228548
0.10894452216789524
0.024615130620079664
0.06567274736060397
0.2626909894424158
1.0
0.07986788803078405
0.02383853510228548
0.0033689734995427335
0.018738883683389617
0.007228376004244835
0.03089055318156698
0.014199193612838947
0.11598118436136108
0.07986788803078405
3.072106176664105E-6
0.05522397783539471
0.19304869754804482
0.020315766105349124
0.06996470821651866
0.024893534183931972
0.024893534183931972
0.37991784282579627
0.03283637368030199
0.03283637368030199
0.01047173488538854
0.020980574531482755
0.5946035575013605
0.043008477182523305
0.06220117374063391
0.05341087579952926
0.014199193612838947
0.08116697886877475
0.04372912656590315
0.020980574531482755
0.11868405219520975
1.0
0.02383853510228548
0.027611988917697356
0.029381754016308166
0.04372912656590315
0.03283637368030199
0.018738883683389617
0.027611988917697356
0.06766764161830635
0.08745825313180632
0.06567274736060397
0.07986788803078405
0.037477767366779206
0.04844232281716619
0.13134549472120793
0.06567274736060397
0.02399905349559606
0.2626909894424158
0.2722230298303347
0.027611988917697356
0.04844232281716619
0.03283637368030199
0.7598356856515925
0.06766764161830635
0.6803749333171202
0.05341087579952926
0.06220117374063391
0.05341087579952926
0.2626909894424158
1.0
0.013878957858167952
0.2626909894424158
0.035641869294051415
0.02931251013275449
0.2626909894424158
1.0
0.16186478197091597
0.2626909894424158
0.027611988917697356
0.06567274736060397
0.1597357760615681
0.02383853510228548
0.6580370064762462
1.0
0.02735488212061132
0.05815868174415823
0.03772691894380681
0.034353182138500235
0.04266709328925954
0.056697911109760024
0.03283637368030199
0.049557253064055715
0.06567274736060397
0.029079340872079116
0.024893534183931972
0.020980574531482755
0.05522397783539471
0.014301724971930801
0.018738883683389617
0.06274655310994741
0.015445276590783498
0.040583489434387374
0.040583489434387374
0.02931251013275449
0.2626909894424158
0.2722230298303347
0.051416288865472046
0.034353182138500235
0.034353182138500235
0.08170609724417775
0.16784459625186196
0.033864985683445356
0.026279617104084448
0.2626909894424158
0.05954672553679791
0.005774363155184915
0.05484411595600381
0.03772691894380681
0.05954672553679791
0.08116697886877475
0.05341087579952926
0.010122231330332757
0.03057230827292727
0.016087046643979717
0.027611988917697356
0.2626909894424158
0.1597357760615681
0.027611988917697356
0.05341087579952926
0.013878957858167952
0.04368583925857939
0.537284965911771
0.1597357760615681
0.11598118436136108
0.0208362582256928
0.04767707020457096
0.040583489434387374
0.05341087579952926
0.035802380724744266
0.018738883683389617
0.11598118436136108
0.04372912656590315
0.021906016114066472
0.010697691669654345
0.10552670315936319
0.03283637368030199
0.08116697886877475
0.022493847365531096
0.05341087579952926
0.018160849415439315
0.01317095981362614
0.2259005009024612
0.022882533035912193
0.09652434877402245
0.39011264866539486
0.029079340872079116
0.05078643578181038
0.018155431088372653
0.013878957858167952
0.6580370064762462
0.005918093729486186
0.04515183688171632
0.037477767366779206
0.040583489434387374
0.2259005009024612
0.05876350803261633
0.2259005009024612
0.2626909894424158
0.45782273986766686
0.021504238591261653
0.11598118436136108
0.005774363155184915
0.021597011339333432
0.04844232281716619
0.03283637368030199
0.040583489434387374
0.39011264866539486
0.03029704891446693
0.035802380724744266
0.10014525608798037
0.21022410381342868
0.037477767366779206
0.07986788803078405
0.016932492841722675
0.12886061810773888
0.028465126651392333
0.05341087579952926
0.2626909894424158
0.07160476144948855
0.04372912656590315
0.39011264866539486
0.028127399371595342
0.00882875838860343
0.08116697886877475
0.08116697886877475
0.01095203863317687
0.007665231032171737
0.03416211359799979
0.5766735394403276
0.04673289785800724
0.018738883683389617
0.024893534183931972
0.034353182138500235
0.18393972058572117
0.02139089632303349
0.007228376004244835
0.43012508513132625
0.06567274736060397
0.013878957858167952
0.040583489434387374
0.537284965911771
0.029381754016308166
0.040583489434387374
0.03283637368030199
0.024615130620079664
0.020980574531482755
0.03283637368030199
0.029381754016308166
0.05341087579952926
0.07986788803078405
0.6865890479690393
0.11156508007421491
0.018738883683389617
0.019648763141608138
0.022882533035912193
0.06870636427700047
0.044808361601213584
0.027611988917697356
0.025275658895144486
0.01509869171115925
0.3032653298563167
0.027611988917697356
0.018738883683389617
0.029079340872079116
0.05341087579952926
0.0208362582256928
0.7577395672414201
0.028465126651392333
0.027611988917697356
0.05954672553679791
0.08310415003234632
0.07986788803078405
0.02931251013275449
0.0853341865785191
0.040583489434387374
0.039297526283216276
0.07986788803078405
0.07986788803078405
0.040583489434387374
0.5706745777055999
0.3976353643835253
0.05862502026550899
0.04266709328925954
0.10014525608798037
0.16186478197091597
0.027611988917697356
0.16186478197091597
0.06567274736060397
0.07545383788761362
0.2722230298303347
0.2626909894424158
0.07986788803078405
0.04372912656590315
0.04923026124015933
0.05522397783539471
0.05341087579952926
0.034353182138500235
0.07986788803078405
0.027611988917697356
0.03283637368030199
0.035802380724744266
0.02383853510228548
0.016074772865287294
0.02383853510228548
0.040583489434387374
0.05341087579952926
0.2626909894424158
0.027611988917697356
0.02399905349559606
0.02383853510228548
0.1152159099228654
0.03214954573057458
0.09652434877402245
0.040583489434387374
0.0114347838903095
0.027611988917697356
0.10682175159905853
0.37991784282579627
0.006662591348749398
0.5
0.016087046643979717
0.019648763141608138
0.24880469496253566
0.05341087579952926
0.10682175159905853
0.040583489434387374
0.07986788803078405
0.05341087579952926
1.0
0.02383853510228548
0.020943469770777077
0.040583489434387374
0.09870315683072758
0.08170609724417775
0.08116697886877475
0.10682175159905853
0.02873083195618437
0.05341087579952926
0.0526833929880447
0.027611988917697356
0.07128373858810284
0.04844232281716619
0.06567274736060397
7.517195964887862E-4
0.04873498938813619
0.007952776003571096
0.1584873897212071
0.11598118436136108
0.5142401605028263
0.6786502681586726
0.2259005009024612
0.15512258520268649
0.029381754016308166
0.011836187458972374
0.3032653298563167
0.08745825313180632
0.016932492841722675
0.05341087579952926
0.03283637368030199
0.024367494694068095
0.07175721159246834
0.016932492841722675
0.04372912656590315
0.005774363155184915
0.017177441586169604
0.39011264866539486
0.056697911109760024
0.035802380724744266
0.040583489434387374
0.07986788803078405
0.040583489434387374
0.03089055318156698
0.004798244200738259
0.040583489434387374
0.02383853510228548
0.2259005009024612
0.06567274736060397
0.03283637368030199
0.7598356856515925
0.020980574531482755
0.2626909894424158
0.02190407726635374
0.04767707020457096
0.035802380724744266
0.2259005009024612
0.03283637368030199
0.07986788803078405
0.07986788803078405
0.020980574531482755
0.02383853510228548
0.37991784282579627
0.040583489434387374
0.0260859600387516
0.020980574531482755
0.03772691894380681
0.04673289785800724
0.0734705312597788
0.2626909894424158
0.16186478197091597
0.03283637368030199
0.2626909894424158
0.0483193071984246
0.04767707020457096
0.5
0.04027248192421852
0.05114598707088891
0.537284965911771
0.06315134024688128
0.040583489434387374
0.040583489434387374
0.03283637368030199
0.07545383788761362
0.03283637368030199
0.537284965911771
0.007855246784369017
0.0020433857192320333
0.0416725164513856
0.040583489434387374
0.16186478197091597
0.020980574531482755
0.08310415003234632
0.020244462660665517
0.020980574531482755
0.02383853510228548
0.10682175159905853
0.040583489434387374
0.3073940764756322
0.05341087579952926
0.035802380724744266
0.027611988917697356
0.029381754016308166
0.12440234748126781
0.029381754016308166
0.029381754016308166
0.04996872151825359
0.04923026124015933
0.01317095981362614
0.03377156414337854
0.049900497019368314
0.07986788803078405
0.040583489434387374
0.05954672553679791
0.03283637368030199
0.010738456044579523
0.006555955479100612
0.026279617104084448
0.005774363155184915
0.07986788803078405
0.10682175159905853
0.022882533035912193
0.033864985683445356
0.07986788803078405
0.005437122993503428
0.034353182138500235
0.04027248192421852
0.06220117374063391
0.07809849842300641
0.035004696992798096
0.00915781944436709
0.04372912656590315
0.008418013465838444
0.5169731539571706
0.2626909894424158
0.0033689734995427335
0.12223075560872526
0.07986788803078405
0.027611988917697356
1.0
0.37991784282579627
0.05522397783539471
0.027611988917697356
0.04540013809283727
0.005820564441072186
0.03283637368030199
0.03635358866852297
0.02383853510228548
0.040583489434387374
0.05862502026550899
0.03283637368030199
0.05341087579952926
0.08116697886877475
0.10682175159905853
0.11156508007421491
0.39011264866539486
0.02383853510228548
0.016932492841722675
0.015445276590783498
0.023028766869631404
0.0208362582256928
0.025275658895144486
0.13888095170058956
0.5387722220470361
0.10014525608798037
0.014199193612838947
0.04923026124015933
0.2626909894424158
0.05341087579952926
0.0241596535992123
0.03283637368030199
0.021906016114066472
1.0
0.040583489434387374
0.03635358866852297
0.0416725164513856
0.027611988917697356
0.013139808552042212
1.0
0.0370865905565703
0.012725361711730311
0.037477767366779206
0.2626909894424158
0.07986788803078405
0.021906016114066472
0.2748254571080018
0.007530946615469337
0.018738883683389617
0.020980574531482755
0.06567274736060397
0.016932492841722675
0.044568827606990644
0.03283637368030199
0.040583489434387374
0.09535414040914189
0.08745825313180632
0.033864985683445356
0.06220117374063391
0.2626909894424158
0.5
0.03283637368030199
0.39011264866539486
0.2136435031981171
0.03283637368030199
0.07986788803078405
0.37991784282579627
0.07986788803078405
0.01047173488538854
0.023020778935143822
0.05417921591708778
0.009055400496876965
0.015445276590783498
0.10682175159905853
0.02786973068084291
0.11156508007421491
0.012637829447572243
1.0
0.7408182206817179
0.041961149062965476
0.02399905349559606
0.2626909894424158
0.027611988917697356
0.2626909894424158
0.04844232281716619
0.03283637368030199
0.5
0.0167475178542289
0.13888095170058956
0.01080894324815623
0.040583489434387374
0.07986788803078405
0.37991784282579627
0.06870636427700047
0.07986788803078405
0.04266709328925954
0.02383853510228548
0.016932492841722675
0.05341087579952926
0.03089055318156698
0.044808361601213584
0.05522397783539471
0.05522397783539471
0.014929831413909562
0.024615130620079664
0.06567274736060397
0.051416288865472046
0.025275658895144486
0.39011264866539486
0.0208362582256928
0.040583489434387374
0.020540268312306348
0.15619699684601282
0.16233395773754944
0.37991784282579627
0.07986788803078405
0.040583489434387374
0.04673289785800724
0.04932351569489709
0.024893534183931972
0.014199193612838947
0.037477767366779206
0.10682175159905853
0.08116697886877475
0.3021375397356768
0.02399905349559606
0.040583489434387374
0.05341087579952926
0.537284965911771
0.2626909894424158
7.517195964887862E-4
0.02383853510228548
0.03283637368030199
0.0114347838903095
0.2259005009024612
0.31762152032055824
0.027611988917697356
0.040583489434387374
0.39011264866539486
0.05341087579952926
0.4111336169005197
0.030123786461877338
0.07986788803078405
0.5410822690539396
0.7598356856515925
0.035641869294051415
0.05341087579952926
0.04923026124015933
0.05522397783539471
0.03283637368030199
0.029381754016308166
0.024455939372403628
0.07986788803078405
0.05522397783539469
0.0334950357084578
0.08116697886877475
0.04844232281716619
0.2722230298303347
0.027611988917697356
0.04767707020457096
0.04767707020457096
0.11868405219520975
0.016934096677198085
0.040583489434387374
0.08116697886877475
0.04065425428798724
0.029381754016308166
0.2259005009024612
0.06766764161830635
0.17747405280050269
0.05522397783539471
0.08310415003234632
0.06567274736060397
0.16186478197091597
0.20235553926673694
0.08116697886877475
0.05954672553679791
0.05522397783539469
0.39011264866539486
0.024893534183931972
0.07160476144948855
0.049557253064055715
0.2259005009024612
0.028465126651392333
0.07175721159246834
0.06870636427700047
0.07986788803078405
0.06542540885608186
0.018914995614939308
0.02931251013275449
0.05522397783539471
0.37991784282579627
0.018738883683389617
0.05693025330278466
0.027611988917697356
1.0
0.01509869171115925
0.03772691894380681
0.029079340872079116
0.08310415003234632
0.044568827606990644
0.020980574531482755
0.05954672553679791
0.020244462660665517
0.2259005009024612
0.19505632433269743
0.04372912656590315
0.011514383434815713
0.020980574531482755
0.03089055318156698
0.07545383788761362
0.7577395672414201
0.037477767366779206
0.024675789207681903
0.03089055318156698
0.019822566267103433
0.020980574531482755
0.016932492841722675
0.23450008106203596
0.39011264866539486
0.035802380724744266
0.027611988917697356
0.008058772966335387
0.021566939693939927
0.2259005009024612
0.014199193612838947
0.034353182138500235
0.02286956778061902
0.11598118436136108
0.05341087579952926
0.06870636427700047
0.09535414040914189
0.10682175159905853
0.39011264866539486
0.026341919627252283
0.012079826799606154
0.014199193612838947
0.11598118436136108
0.2259005009024612
0.024615130620079664
0.03283637368030199
0.016932492841722675
0.018738883683389617
0.04767707020457096
0.016932492841722675
0.07986788803078405
0.040583489434387374
0.041961149062965476
0.0726788421210274
0.014199193612838947
0.018738883683389617
0.0410424993119494
0.027611988917697356
0.027611988917697356
0.04576506607182439
0.03527502360630138
0.04576506607182439
0.027611988917697356
0.021352774592011646
0.7598356856515925
0.020980574531482755
0.16186478197091597
0.00957301534505126
0.30934850332660563
0.03283637368030199
0.00915781944436709
0.037477767366779206
0.02399905349559606
0.049900497019368314
0.30934850332660563
0.041961149062965476
0.05341087579952926
0.39011264866539486
0.1584873897212071
0.00915781944436709
0.07986788803078405
0.03283637368030199
0.10682175159905853
0.05095335964988338
0.0114347838903095
0.016932492841722675
0.09519340818348475
0.2626909894424158
0.008058772966335387
0.014199193612838947
0.16515821590069035
0.027611988917697356
0.013139808552042212
0.020655725292911018
0.049900497019368314
0.05341087579952926
0.05522397783539469
0.05795599612995367
0.049900497019368314
0.06567274736060397
0.035802380724744266
0.027611988917697356
0.05341087579952926
0.03283637368030199
0.08116697886877475
0.049900497019368314
0.07986788803078405
0.037477767366779206
0.05341087579952926
0.041961149062965476
0.005774363155184915
0.00882875838860343
0.0017745041833014084
0.02383853510228548
0.08116697886877475
0.0064335654798045845
0.1597357760615681
0.046870134028838044
0.027611988917697356
0.007530946615469337
0.033864985683445356
0.027611988917697356
0.32466791547509893
0.01295111245998798
0.03689111847432511
0.040583489434387374
0.03057230827292727
0.07986788803078405
0.007665231032171737
0.03283637368030199
0.021476912089159066
0.027611988917697356
0.016087046643979717
0.3032653298563167
0.016932492841722675
0.2259005009024612
0.11598118436136108
0.06274655310994741
0.03300809119141885
0.05341087579952926
0.027611988917697356
0.049900497019368314
0.04372912656590315
0.07986788803078405
0.2626909894424158
0.027611988917697356
0.06567274736060397
0.06567274736060397
0.05341087579952926
0.06971729121692201
0.040583489434387374
0.040583489434387374
0.016932492841722675
0.04844232281716619
0.2259005009024612
1.0
0.02132081946882163
0.05341087579952926
0.02383853510228548
0.05954672553679791
0.07986788803078405
0.0033689734995427335
0.07986788803078405
0.04799810699119213
0.05341087579952926
0.12440234748126781
0.016087046643979717
8.872520916507042E-4
0.005554498269121153
0.045266015096930644
0.009162450708200272
0.07986788803078405
0.04935157841536379
0.027611988917697356
1.6773131395125593E-4
0.040583489434387374
0.027611988917697356
0.029381754016308166
0.2259005009024612
0.11156508007421491
0.08310415003234632
0.018738883683389617
0.02139538333930869
0.0015221056021476422
0.2136435031981171
0.044568827606990644
0.03635358866852297
0.05341087579952926
0.04266709328925954
0.05522397783539471
0.05341087579952926
0.32466791547509893
0.10229197414177782
0.018738883683389617
0.013139808552042212
0.0056659154777004925
0.041961149062965476
0.03283637368030199
0.08745825313180632
0.0156963464356626
0.016932492841722675
0.049900497019368314
0.03057230827292727
0.32466791547509893
0.11598118436136108
0.021566939693939927
0.027611988917697356
0.020315766105349124
0.05522397783539471
0.04923026124015933
0.013553186597469942
0.08392229812593097
0.024455939372403628
0.08116697886877475
0.05341087579952926
0.12872632311973017
0.05971932565563823
0.06766764161830635
0.05341087579952926
0.07986788803078405
0.015284801196484512
